01160
10110
17120
23910
23910
23910
23910
23910
23910
23910
08990
23910
20411
23910
32500
26511
26513
23190
46690
94120
85590
20200
29320
26702
86101
86101
65120
77390
55300
32200
17230
69201
69201
94120
28230
77330
70221
27200
23190
28990
20140
20140
20110
46690
20130
20140
20120
46750
02300
43290
71129
71200
20520
20301
46120
46750
20160
20160
20140
20160
32409
20140
20590
20140
97000
97000
97000
97000
97000
97000
97000
97000
97000
97000
97000
97000
97000
97000
97000
97000
33200
64209
93110
90010
66290
27110
28120
20140
46120
20140
28230
46660
28230
28230
20520
18140
20520
46180
46460
22290
20520
17230
20520
32500
22190
22190
25720
66210
84230
84240
84240
84220
84220
84220
84220
84220
84220
84220
84220
88990
88990
85590
85590
46420
46420
93290
73110
73110
18129
73110
73110
59111
27400
18140
22290
73110
58190
58130
18129
73120
59112
71111
68310
70229
70229
69101
25730
11070
28290
26309
26309
73110
49319
43210
43999
74202
71122
26309
28220
26309
26309
71122
30300
30300
90010
52230
18130
81299
30300
25920
82920
30300
20420
74909
74909
74909
74909
74909
74909
74909
23910
16290
19100
01629
46610
77310
28302
28302
23490
85320
01610
71200
25730
25730
43120
68209
01610
23520
46140
28302
46610
46610
77310
01610
28302
77310
28302
28302
46110
72190
28302
28302
28302
28302
84130
82990
13940
74909
46750
20200
74909
22290
52290
51210
51102
28250
28132
43220
28250
28250
46690
28250
30300
28250
52290
25400
46499
71200
26511
26513
52242
77351
25400
28120
28131
25400
51102
52230
52230
52230
77352
51210
51102
52230
29320
46140
30300
46690
25400
30300
28990
71200
26513
30300
77352
77351
46690
28990
22290
30300
30300
52230
30300
26511
52230
30200
42110
30300
30300
56290
49390
52230
52230
42110
81299
49390
30300
30300
51101
52230
23700
08110
26520
80200
18129
46170
47250
46342
46342
46342
11010
20140
46120
46750
11050
10910
01190
03110
20160
84240
20120
20130
46120
20301
20160
01130
25500
24100
24100
24100
18129
10612
01250
13100
13100
13200
13200
27110
27110
29310
27110
26513
08910
24420
26200
20130
24420
24420
24420
07290
24420
20301
20301
24420
24420
24420
24420
23510
20130
32990
29100
86900
45111
45111
45112
45112
46180
46120
20140
46120
46750
20160
26511
26513
20150
19100
20150
46120
20150
20150
20510
20150
20150
19100
25400
47789
20510
29100
26400
26309
26400
26110
23190
92000
46180
18129
58142
77390
32401
93210
93210
93210
20520
32500
21200
86101
21200
26200
70221
71200
25990
50200
10130
28922
24420
24100
01490
08110
23520
46750
20120
75000
10910
49390
10410
28930
46210
10910
10110
01430
46210
75000
75000
75000
75000
75000
01700
10110
10110
10410
01629
01629
94990
01490
01629
77390
90010
59111
59112
01280
28210
25610
14131
14132
20140
46180
21100
46460
43341
20301
20590
46120
24450
30300
21200
20590
46120
24450
20420
50200
47791
23110
47791
46470
29320
20590
45200
21200
21200
46180
46460
20200
46750
25730
68100
68209
55209
11010
28990
28940
13200
14200
22290
22190
22190
28940
84230
01240
10890
11030
27900
74909
85320
01240
22190
14120
14120
03210
03210
03220
27510
42910
84230
70229
69109
27400
32300
28131
94120
71111
71111
58110
71129
23190
22230
91012
27110
20110
29320
31090
30400
29100
80100
25990
22190
46660
25400
15120
84220
84220
94910
01280
20530
20140
10620
24450
47781
94990
90030
91020
85520
15120
25990
91020
13923
23410
58190
91011
42210
01130
32120
13950
17290
47710
46690
28150
10890
23990
32500
32990
32990
32990
46499
14200
10890
26513
01629
46460
86900
32500
86900
20150
32500
32500
22230
32500
46460
20412
25400
25400
90030
32910
13960
20301
96090
13960
46180
85320
90040
41201
23990
23650
23990
08990
23990
23990
39000
23990
23990
39000
32500
38210
01130
23990
08990
28923
23990
42110
28923
42110
08990
28930
01430
71200
30200
18140
33200
33200
41201
41201
41201
41201
41202
41202
41202
87300
87300
94120
94990
65110
96090
26701
72190
86101
86101
93199
14190
93120
32300
15200
18129
58110
28250
72190
15120
69201
28250
69102
29100
01130
47990
47630
58110
47430
26400
46431
18201
47630
47430
47430
77390
32500
69201
25730
13921
90030
26701
29310
29320
32500
30910
77330
25400
32200
26511
26513
28120
46690
28940
26200
46660
94990
52219
45200
79110
77110
26513
71121
13960
84250
46640
25300
30300
66210
65120
19201
19201
01220
13200
13922
46410
47510
22290
25730
28132
28131
29320
30910
30200
30200
30200
13931
20120
14190
22290
30920
47789
46499
14190
46380
10860
10860
14190
13923
28940
27900
10130
10130
10130
23440
71200
13960
25990
01280
93120
32300
25990
25990
32409
26600
13200
32200
13922
13922
32130
15120
17211
22220
22220
22220
22220
69109
03210
03210
13990
47240
10890
10710
47240
28930
28930
28930
46690
46360
25990
10890
14190
46690
26511
26513
22190
02300
22190
28940
28302
28302
13940
28290
46690
28150
08120
22190
28140
46690
90010
85320
15200
25400
30300
46499
22190
23190
32990
46499
32300
02300
31090
16290
10390
01220
90010
74909
13200
13990
22190
25930
22190
25930
25930
25730
64205
28230
17120
18129
64110
66110
64929
28230
64191
64929
13922
16230
56210
94910
82990
46740
25930
96020
46460
26200
26110
30110
50400
50300
50200
16100
08910
01110
11060
10611
10611
10611
26511
26513
25920
25910
22220
16240
69101
77390
24420
24440
24440
23190
24100
24430
24430
24430
08910
08110
28290
25990
17120
23190
20120
20150
01280
32300
23650
25990
31090
31090
16290
22290
16290
23690
13200
13100
63110
30920
20420
20420
13923
22290
22190
93110
46730
23420
22230
25990
22230
32300
23200
16210
27200
27110
27200
27200
28990
29100
14120
14120
01280
25710
77210
93290
15200
93290
14190
30110
30110
16100
16230
16230
23190
16290
17220
28940
16230
10612
01110
10612
10612
96020
28150
46690
28150
28150
20420
96020
96020
96020
46180
46160
31090
13923
47510
31090
47510
32990
13200
13200
31030
47599
14310
13923
13923
31090
31090
01490
10890
10130
10130
16290
28302
46610
11050
47250
11050
56302
56302
56302
56302
56302
56302
46110
46342
10810
01190
10810
01610
01130
27900
24540
25940
22190
27900
25990
26301
25990
13200
22190
22210
22190
15120
31090
25730
28410
24200
88990
65120
10410
10410
16100
31090
20140
35210
14190
14190
02300
52220
24450
32910
91020
92000
92000
82920
01270
28930
46170
11040
46390
11030
13990
17120
94910
28150
77210
25720
52219
28131
46150
30920
47640
30920
46499
32409
23420
25940
10110
74909
64991
66120
82911
73110
24420
24440
24440
24100
15120
32401
32401
93110
32401
13990
93120
22220
13940
13990
18140
13300
18140
28230
92000
26701
25990
22290
26511
20200
19201
72110
21200
72110
32910
10920
01490
01700
01490
28930
23310
10720
94990
24450
25730
19201
23990
08990
28923
17120
46130
06100
20301
23990
03210
11050
20510
10130
01250
28990
28230
01250
24100
25620
25730
08110
32990
10110
46630
10890
46520
26800
26800
47630
13923
27510
13923
13923
13923
23190
24420
52102
52103
52101
28210
43120
43120
20510
14131
14132
13300
17110
17110
17110
17110
13300
13300
13300
13300
28940
13300
13300
27510
28930
28930
11010
11010
11010
13100
13921
13922
17290
22230
16290
24440
82920
23320
18129
16210
18130
28990
28110
16290
23610
23610
23200
22210
86900
96090
21100
10130
86900
21200
24440
24100
17120
14142
25730
28960
23110
28921
28490
28940
23320
23520
08110
01250
82190
32409
28950
55900
96090
55900
23990
23610
23140
23620
77342
77341
30120
50100
50300
50200
50400
30120
47640
28940
17290
16290
17290
29201
29201
29201
29201
29201
29201
30200
96090
30920
29201
29201
93130
80100
30200
30200
10130
10822
25300
23200
81223
32990
25300
25300
25210
27520
27520
25300
25300
25300
25300
65120
32990
23990
14120
25300
28110
10130
13921
13923
25940
25730
25940
13960
25400
46690
17290
23910
13939
13950
52102
52103
52101
13300
10110
10110
10110
10110
20520
10110
10110
10410
32500
32500
10110
10110
32990
13200
28230
91011
18129
58110
77210
18140
46690
28990
31010
31090
69202
92000
47610
46499
77299
15200
17120
74100
15200
13990
16290
15200
15200
96090
22190
47721
08910
84240
43130
71122
28921
43999
46630
28410
24100
91040
21200
13100
81299
28290
22220
23130
25920
46120
23130
22220
28290
10850
82920
71122
10110
01420
28990
93110
28990
93120
93110
32300
93120
23130
22290
32300
29202
15110
28210
16240
31030
16100
32409
17230
25910
25920
17219
17219
25910
25920
17219
17219
22220
17219
17219
16240
16240
93199
93110
93120
32300
93199
94990
94990
14190
47710
46420
14190
13960
13960
13960
13960
18140
26200
18129
23990
29320
30200
30200
10611
28930
28930
11010
24440
14142
13922
10130
25730
28490
28490
47240
46360
10710
10710
10710
16290
28930
29100
10612
10612
32500
46460
14131
94990
11050
28930
20590
32990
43999
43999
28990
43999
23200
23200
23200
23200
23200
23320
23200
23200
23320
23610
23200
23200
23190
23200
23200
23200
23200
23610
23200
23200
23200
42130
85510
52219
28921
30400
26301
32500
16230
15120
14141
14142
24310
08930
08930
19201
32910
10110
17120
24430
24540
32130
52230
94120
94990
60100
60200
94120
94120
94910
94910
94990
91011
94120
91020
94990
79909
28410
28410
01110
28302
82990
86101
13200
01130
18129
58110
20130
24540
32910
16290
46499
32910
10890
15120
23410
27510
32910
32910
16290
15120
32910
16290
16290
16290
22190
20420
01130
13931
28922
28220
13922
25990
22290
22190
25910
16240
46690
25990
13960
13960
14190
15110
01190
70221
15120
01410
15120
01420
30200
56101
27400
32130
41201
41202
43341
43320
25120
16230
46730
28220
25730
22230
16230
43910
23650
23650
16210
17120
16210
81210
43390
25990
38110
43110
71111
41201
41202
46130
23320
23650
23650
47520
30110
30110
30110
30120
30110
30120
30120
23520
22230
72190
68100
43120
43120
64192
64921
71129
43341
24100
27400
01130
46220
23130
23190
30110
49410
49410
52102
52103
52101
49410
28922
28922
46630
64991
66120
64991
29320
16240
31090
31090
52220
25290
13922
13200
13200
16290
30110
30110
66120
23190
56103
56102
56103
26301
77390
29310
80200
46439
96030
28210
19201
29100
52213
27120
27330
73110
81299
49319
25110
52219
49319
49390
28150
82990
62012
94110
74909
74909
70229
70229
18129
18140
94110
70229
74909
70229
70221
20140
19201
46711
06200
47220
24200
46330
10512
28930
25990
25710
10512
10512
10512
28930
10512
28140
10822
22290
13990
13990
32990
22290
32990
25990
46342
11020
49320
01130
31090
22290
31010
31020
31090
31090
25990
27320
23320
25990
16240
27320
42220
13940
25930
28990
61100
25930
30110
25930
42120
26309
50200
28220
28220
29201
10822
24450
56101
56102
28921
30110
17220
28930
10611
10710
10720
47240
23510
23520
23520
20130
20130
46660
26513
28230
47410
28230
18140
18129
28290
28290
13300
28290
74100
18140
13300
13200
82200
82200
32200
32200
26513
27520
10130
94910
13200
22110
13100
13100
13200
13200
01440
01440
26309
77210
26702
31090
77390
13922
47640
55300
45190
45190
45190
45190
28150
28110
50400
50300
30120
52220
52220
72190
27400
10822
32990
46499
27400
31090
31090
16290
16290
16290
25990
22220
10890
10890
28290
10390
32500
30120
77210
25920
25910
25920
25920
25920
25910
25910
01130
13922
13960
13200
26110
14190
01130
14200
70221
22220
22220
29320
14190
28220
25920
28290
45112
45320
29320
26520
29320
49410
49410
46770
77110
77110
13922
52219
41201
20412
77110
49320
47421
45200
45200
93110
10890
10822
29203
45190
45190
29203
55300
68209
55300
29203
52219
45190
77390
45190
27400
25400
20130
13200
20130
27900
20110
20130
46690
27900
17120
17120
17230
17230
23990
32990
08910
11070
46120
46750
17120
17230
20140
22220
23130
28110
28110
28110
93120
17230
18140
85510
28940
17120
28950
23990
13100
28940
14390
28940
13960
32200
52242
52243 
52241
30110
13940
52220
52220
32990
94990
43320
43999
25730
43320
43999
96010
43330
25720
28940
13100
13100
13100
28990
20411
28990
47530
22210
22190
13931
46160
13939
47530
46470
13939
13939
49410
26301
01130
32990
29100
13922
49410
71122
28950
28290
17219
17219
17219
17219
17219
17219
59111
59112
90030
25400
25400
32990
46690
25400
27400
25610
17120
25730
28290
20520
10519
20160
13200
25120
26520
15120
15120
15120
17219
17219
17219
15120
17219
17219
22220
16290
46390
28230
25990
28230
28230
77330
46660
01250
13200
13200
28921
24200
10110
92000
28490
16240
16290
25920
25910
16240
01130
26400
26400
14120
23610
23110
23610
78101
78101
28910
28910
24530
24530
24530
24510
24510
24510
24540
24510
24510
24530
24530
24530
24540
24540
24540
24530
24510
24520
24520
24530
24530
23200
01110
10410
10410
10810
01490
10920
58190
91011
20590
46120
29320
30120
28990
28930
77390
84130
32990
46460
32500
26110
46520
46520
94910
96090
23190
10840
20200
01420
15110
01420
01130
20301
32500
10200
10200
43290
47430
77220
22230
27400
22230
08910
32200
13200
61200
26301
22190
47421
16210
20160
20160
22290
20520
20160
17120
23650
20160
20301
20301
17120
17220
23510
46730
23610
20301
28990
23200
23200
23200
23200
28210
23610
23690
23200
23610
30110
96030
84110
28990
25210
94120
26200
86101
86101
81100
28990
28132
28131
28290
32500
28290
46690
46130
23440
20301
20301
28990
28990
43330
18130
23410
46690
10612
10720
01110
10611
77390
37000
25930
25930
25930
28150
28220
28240
28240
22290
25730
31090
31090
31090
31090
31010
31090
31090
31090
55201
55209
08910
32990
08110
94110
94110
16100
15110
10831
27400
28131
64929
20140
46719
20140
02200
99000
88990
18129
58110
47620
51210
51102
71129
94120
79110
70221
71122
49390
29320
29100
30200
29100
30920
29100
49320
15120
64921
28140
26511
26513
10512
46330
28930
28930
28930
28930
14120
46180
21200
20130
46120
26110
71129
19201
46750
08910
46180
28410
46750
46120
46750
46750
28302
37000
17110
46120
21100
46460
09900
20590
71200
72190
13200
18129
28230
12000
11010
01240
08990
01130
32409
93120
85510
32409
31090
01250
16240
10822
12000
01110
10120
01470
10910
10130
01470
10850
01130
10612
13200
88910
88910
88990
88990
55209
30920
87900
87900
30920
46420
46420
46420
87900
87900
86101
86101
47710
91040
35300
01280
01280
81223
43999
23320
23320
23320
25110
47599
46440
08120
08120
08120
46440
46440
13300
13200
16210
28490
28923
86900
86900
86900
20510
20301
28290
20130
10821
28930
46360
47240
10821
10821
26110
28120
56101
23140
25710
18129
17290
17290
01290
27400
46470
28140
26511
24450
23200
07290
25610
24450
15110
24450
23200
24450
20130
20120
25610
46750
86101
86101
26520
94910
94910
94910
94990
94910
94910
94910
94910
94910
85100
85310
41201
25920
25910
16240
10390
11030
11070
01240
28930
46342
10890
11030
12000
16240
22290
46350
28930
46350
12000
25990
22290
46350
32990
46499
28930
46350
17219
17120
17290
17290
47260
12000
47260
46170
26702
59140
59140
59140
47110
26702
59120
20590
01280
24420
24440
24440
27120
27120
26110
82190
24200
28240
25730
25730
28131
90010
77390
22230
25290
22230
88990
94990
20140
85320
94110
94910
56101
94990
84220
42990
42220
42220
42220
42220
42990
46630
77320
72190
43341
85320
23610
43999
43330
96090
25730
52219
28290
25990
46130
46730
09900
08120
08120
08120
96010
20412
13950
13923
47789
46440
81222
81229
81299
20412
81210
81222
81222
81299
39000
39000
39000
28290
28930
46640
17220
10822
20590
66110
30120
25710
01230
14120
14131
14132
32300
86900
75000
23510
96090
14131
14132
26520
26520
23190
26520
47770
46480
15200
26309
25500
28290
25920
22220
46410
13300
13300
13300
13300
13300
13300
13300
13300
13300
13200
25930
13300
46410
13300
13300
13300
13300
13300
27510
32910
74100
16290
77299
25990
16290
22290
16290
46439
46160
46420
14190
46420
47710
46420
47710
47710
47710
46420
47510
46420
23990
14200
46420
14190
46410
10511
01280
01190
32300
28150
29320
23990
46690
29100
25940
29100
49390
49390
13960
85510
29201
46120
46719
47789
19100
05101
05102
05102
28921
46719
46120
46719
05101
46630
28921
05101
05102
28921
49500
05102
05102
05102
52103
52101
35210
19201
20140
20140
20140
23990
05101
05102
84240
42910
50200
50100
16290
22290
16290
31010
23910
25930
25930
08120
08120
28990
28940
13300
13200
13200
14131
14132
46439
46690
24450
07290
16240
03110
28140
31090
10821
46370
10821
01630
10821
10821
01270
10821
10821
10821
10390
01260
10410
93210
10410
10832
46370
10832
10832
56102
10832
10832
10832
10832
01270
46110
27510
27510
10832
28930
10832
10832
10832
31090
46370
46370
30110
32990
13100
13960
32990
96020
29310
25930
24440
32401
28230
32110
92000
93290
32110
47789
46719
35210
46719
46120
19100
19100
19201
19100
10410
11070
25990
22290
26110
25730
24340
24310
24310
24310
24330
24330
24330
25500
24320
24100
24100
24320
24100
24100
24100
24100
24100
25500
28250
52102
52103
52101
24330
24330
30120
16240
32990
14190
28990
28230
18140
46770
65120
38110
38120
38120
86900
38110
38110
38110
38120
36000
38110
38120
36000
46499
85320
85320
85421
85320
85410
85320
46120
18129
20420
26511
26513
32500
20120
26110
23110
46750
20120
20120
25110
25300
01110
10410
28940
13100
13940
28302
81100
82110
82110
13100
15110
28940
27510
32990
22190
25990
22290
46499
47781
73110
41201
81210
77390
17230
78200
18129
85320
84130
17230
17230
17230
17230
77120
77120
77120
49410
52219
29100
28290
13300
52220
64991
35230
66120
66110
93290
99000
99000
99000
99000
99000
52230
26301
77390
42220
84130
61900
84120
88990
88990
94990
86230
86900
35300
87900
87900
86900
94990
86900
26400
47430
18201
59200
46431
84230
66190
66110
69202
26511
26513
26513
26513
69201
43320
26520
28990
20590
71200
23990
16290
18130
15110
10910
46210
20150
20530
46120
20590
46750
46120
46750
46120
85310
35300
20110
26513
28110
28110
28132
28132
28132
46690
46690
84300
84300
84300
84300
84300
84300
26200
26200
62020
62020
96090
26800
46140
62030
47410
62011
58210
62020
72190
18203
46620
28410
26200
47410
17230
26200
62090
85320
62020
26200
26200
26200
18130
18130
85590
46620
46640
46640
47410
46510
77330
10910
10519
90040
32200
90010
23690
28990
25610
23630
49410
28923
28923
28131
28923
43999
29100
06200
20160
10519
25300
25300
28250
28250
25990
10840
25930
23320
23320
10822
47110
46170
10822
46360
28930
10821
10822
94110
68310
68202
82302
17290
32990
90010
43210
94990
94920
94920
46499
38110
28923
41201
46630
77320
43999
46630
46630
47520
46730
46770
46130
32409
41201
41201
41201
42990
42210
41201
41202
30110
41201
41202
41201
42990
42210
41202
30110
41201
42110
42990
43999
41201
41201
42210
42990
41201
41202
42210
42210
41202
42130
42120
42220
42220
41201
41201
84130
32409
25110
71111
42990
32409
99000
84210
71129
71121
71129
71121
94990
64921
94990
32500
47782
27900
15120
28220
52241
23190
22220
77390
30110
17219
46690
29202
25290
29202
17219
25920
23130
25290
17219
17219
23130
46130
16240
65120
85590
87300
87300
24100
24420
24440
24450
20600
28921
17230
46460
77110
81210
13300
46630
30300
26200
26120
86101
86101
87900
87100
87900
94910
85310
25400
29203
30110
26200
28910
46690
31090
27110
22290
28220
28220
15120
13960
22210
22190
28302
28921
28220
10130
47220
27510
27520
27520
27520
10720
27520
27520
28930
27520
28930
10420
24420
46690
25990
22290
16290
01630
28250
47300
28250
28290
01629
16240
16240
16240
26511
17290
17290
20160
46720
47789
07290
07290
90030
18129
24440
24440
02100
10410
16290
28230
59200
94120
69109
73110
03110
23990
13990
13990
13940
47789
11070
20510
26301
13200
71122
43130
13100
01280
47599
46499
32990
16290
02300
46210
46210
46110
46110
46210
10620
10611
10612
10611
84230
66120
56210
84230
32500
26701
85590
85421
71129
17219
17211
17211
24420
23650
24100
14142
14142
14142
13200
13990
47710
20420
46180
20420
47750
46450
85320
69201
70221
69201
74902
74100
32130
32130
14132
13923
31090
31030
13923
28940
55201
55201
55209
25940
46210
46110
13100
13100
13300
13100
13100
13300
01630
28940
01160
13100
10410
13100
13923
46770
13100
10410
10410
10410
46750
13100
13100
28940
13100
52102
52103
52101
13100
46770
13300
13100
13200
32500
13100
13100
13300
13300
13300
13100
13100
13100
13923
17110
01110
13200
13100
31090
85590
85421
13923
31010
28230
26513
84230
29320
24200
01130
79901
53201
53202
93199
84230
84230
84230
84230
82990
10730
13922
22230
01110
01410
28940
25300
94990
47789
25730
28220
77320
25990
77320
29100
30200
30920
28150
28150
28110
16240
28290
14190
14200
28922
28922
32990
10511
46330
10511
10511
10511
28930
11070
10511
28990
73110
73110
88910
88910
88990
88990
82912
64921
66190
82912
47990
64192
96030
96030
96030
20140
13200
17120
01130
20140
20160
13200
32300
93120
84240
17120
10720
14390
13910
13910
47599
77299
01610
01630
01610
01500
01610
01630
01610
01610
01610
01630
28940
93120
20520
32300
26511
99000
25920
46690
84230
84230
23200
23200
23200
23200
19100
19100
19100
06200
20411
20150
46711
71122
06100
19201
06100
06100
06100
06100
46711
06100
19201
06100
06100
10410
10710
94910
20120
28930
08110
28921
28923
38320
38320
38320
10200
10200
10200
10200
10200
10200
47230
46380
03210
32500
23130
10822
28990
26600
01130
32401
32130
14190
23130
46719
28302
28302
94120
85520
94120
94990
84120
20140
31090
31020
23410
17220
22290
10512
28940
47789
27510
01250
66120
26511
10840
15110
96010
96010
22290
13990
47530
25720
22290
25120
13921
47530
46160
13921
22190
13921
10890
66120
62012
14131
14131
14132
84110
52290
99000
01190
15200
14190
32990
25710
46150
25710
25710
47599
46499
15120
16290
25710
32990
77299
22290
32120
32500
28490
25730
28990
28410
28940
28921
28940
25620
19209
28490
18140
23700
23700
23700
23700
46750
20520
21100
47640
47640
15120
93120
30920
46499
30920
30910
20140
20140
46750
20140
30920
28930
27900
18130
18130
28120
28120
28110
28110
28110
28110
17290
17219
28150
26511
10910
46610
01410
47290
28930
46690
28930
77390
28930
10512
10511
10519
46330
46330
46330
47290
47290
42910
66210
13200
13200
13200
43999
90010
93290
90010
85520
85520
85520
85520
10832
26702
32401
32401
29310
62012
62090
60100
60200
63110
18130
18130
18130
61100
63110
63110
26200
28230
63110
61100
26301
63110
62012
32990
32990
01220
96090
88910
88910
88100
88100
85590
88910
88910
28290
64991
66120
66120
82911
64992
10832
18129
28940
28990
31090
30110
30110
28990
39000
39000
39000
39000
39000
39000
39000
39000
81222
23700
43341
31010
23310
22210
20520
61100
25990
69109
05101
27510
84220
29310
13100
43999
10390
10390
30300
20590
26301
47290
22190
28131
30920
29310
43110
43999
43110
20140
13200
16210
26511
26513
86230
32500
32500
32500
20420
86230
86230
85421
32500
32500
86101
86101
86900
32500
32500
32500
32500
86230
86230
84120
86230
32500
86900
20590
32500
46120
20420
86230
32500
20420
20420
20412
20412
24420
47190
20420
46750
66190
09100
28220
46690
19201
28290
36000
20590
23190
71129
71121
71129
71121
90030
62011
62012
28940
25990
31010
26200
10519
27900
84230
20411
20411
20510
20510
41100
43120
64303
68209
41100
32990
10110
10620
20520
10620
10860
21200
46180
46460
26301
61900
28290
46180
32120
43999
23910
25730
32120
96010
28131
28140
18129
32500
08990
28230
58110
25730
28910
24530
24540
24540
25730
25500
25730
18130
18140
28410
18130
28210
30200
28110
46711
30200
19201
10860
10860
10860
46380
20140
29320
26511
28302
26200
18130
26200
71122
26702
71122
30120
31090
56102
31090
32120
28921
26110
46520
46120
46750
99000
28210
27110
27110
20120
82190
47990
47990
47990
25400
46690
46520
90020
09100
24100
58120
90020
18129
30300
93199
86900
88990
88990
29320
28490
28240
28302
26702
27400
87900
87900
56301
64992
64191
32200
24420
23910
24440
17290
24440
28290
46690
46439
13923
17220
22290
16290
27510
28290
20411
20200
46120
20200
81291
38310
46770
38310
33200
38310
38310
38310
47730
47782
47782
47782
20120
20160
28250
31090
31010
26110
16230
17220
17220
14190
38210
38220
38220
38220
32500
17110
20301
32910
46120
20130
46750
20140
28290
28290
46690
28290
28290
28290
35220
36000
84130
86210
86900
31030
14132
28490
52220
28990
09100
22190
47520
47520
28940
52220
28220
28220
86210
86210
28230
82190
28230
82190
28230
18129
10920
93199
10920
15120
93199
20411
80100
96090
17220
22290
13923
77299
32409
46499
32409
46499
32409
32409
32409
32409
32409
23700
22230
78200
46150
47540
47599
25990
46499
46439
27520
27520
27520
25990
16290
93120
30990
25720
25720
25120
22230
16230
22230
25720
25120
47520
46730
30300
29320
22230
16230
47990
20590
28131
28290
32200
10511
47520
25120
22230
23140
23140
28940
28930
28930
16290
13100
10120
74202
09100
09100
13200
26513
46690
93199
28220
28922
43120
09100
46740
23320
22210
37000
47510
46410
96010
93120
32409
71121
28410
25730
31010
20590
26513
16290
28410
28940
17120
25930
24420
24440
23110
30110
42910
42910
42910
14132
14190
13990
13200
14190
13200
13200
47510
14190
47710
13100
31020
14132
15110
15120
13990
14142
14141
15110
13300
31090
47710
14132
10890
46380
01190
10390
46380
10390
10840
01110
10519
10390
10130
28240
28921
28302
24200
25730
13200
09100
28921
28410
20590
28490
09100
30110
28240
28930
10821
23130
11010
10110
29320
15120
28150
85530
85530
85320
25500
28410
25500
25500
01629
21200
01280
47730
47730
46460
46460
47730
46460
32200
22220
16240
25920
25910
10720
27200
96010
28940
46690
42910
27510
28930
28990
46690
28990
28940
28940
46690
13300
16100
43999
13923
10120
01470
01470
13200
25300
22230
18130
29100
28922
14120
20590
28230
77330
17230
82190
17230
13923
28250
13923
24430
25990
22290
13923
38110
25990
22290
84110
13923
59132
47430
26400
77220
46431
47630
68100
68209
20120
28940
15110
28940
13100
28230
96010
46750
20120
20120
20120
28940
13300
42910
42910
20510
27110
29310
29310
32990
86101
86101
86220
86101
26400
28921
08910
28922
28922
43999
43120
28922
72190
47599
46499
23410
43120
77320
31010
22190
26511
26600
94990
84210
84110
72200
25300
84130
72200
25300
70229
10110
10612
47210
46310
01250
10110
28930
46330
46330
46330
46330
03210
10110
96090
94120
85600
85600
17230
72200
84120
17230
17230
17230
17230
46900
85600
85600
85600
02300
56103
47230
46380
28290
16240
25990
17290
22220
28302
16290
22290
10890
46330
01470
46330
10890
01130
01470
01470
46330
10890
10890
17290
10890
47290
46330
46330
46330
13923
28131
30300
13910
13960
13910
26513
13960
24200
27200
28210
28210
28210
27900
46439
27320
27120
28410
27400
28210
28210
27400
27400
27400
27110
27120
30200
28210
27510
27510
71129
29310
46690
27120
27510
47540
46690
27900
27900
27900
23430
27900
24200
27900
43210
77299
27900
29310
29310
46439
46439
47540
46439
23430
27900
46690
23190
46690
46690
27330
17120
27900
71121
27120
47599
24100
27900
27900
24100
27900
27900
43210
29100
35130
27120
35130
35110
35110
26511
26513
35140
35140
35110
35110
35110
35110
35140
35140
35140
35120
26600
26600
26600
25710
28210
24100
26600
28410
20301
27900
26600
46460
26600
96020
28490
24100
24440
24100
28131
28410
27900
26600
26511
26110
26110
26511
46520
26511
26511
61200
46520
26110
26110
26511
26110
71121
26511
77299
27900
26511
26511
26400
26511
26511
26511
26511
26110
46520
26511
26511
46520
61100
18130
61200
26511
26110
27900
26511
32200
26110
26511
26511
26511
58110
26511
27900
26511
26511
26520
26400
26110
46520
26110
46520
71200
25610
28490
28230
28290
26600
27510
46439
18130
20110
42130
49311
28220
15120
22190
28302
28921
99000
18130
32990
28940
28950
21200
13923
13100
13990
47510
13300
23910
08990
23910
23910
96090
65300
94110
78200
78109
78109
88990
88990
01490
28131
20520
20301
20160
20301
23190
23310
25610
38220
23310
58110
28410
13300
86230
26600
21200
11070
74901
84130
28110
46770
29100
23990
77390
94120
23320
71129
71129
71121
58110
72190
24100
71121
46690
25500
25500
29100
30910
28110
28110
28110
30300
46690
28110
28110
28110
28110
28110
28110
28110
30910
28110
90030
32120
18130
32120
80300
20130
46120
20130
46719
14132
93290
26301
82190
28950
28230
82190
17230
16290
23190
23190
71129
26513
71129
94990
72190
74901
84120
46750
46120
20140
94910
26702
20520
20160
20140
20301
28923
28290
26520
28290
28290
26513
71121
22190
42110
43910
28220
13922
96090
46750
20530
46120
46750
68310
29100
68209
20140
20140
90030
18130
20140
06200
19201
20140
46120
46750
94990
20140
20140
20140
20160
99000
99000
99000
94910
10519
25300
28250
43120
28922
79110
50100
50300
84110
78109
78200
78109
23990
29320
45320
29320
28110
68310
68202
82301
16230
82301
82301
23990
25930
23990
26511
22190
26513
25290
71122
72190
20510
20510
46750
46190
73200
65120
64929
52290
46190
26511
49390
27900
27900
81229
43341
43310
43310
81291
10890
20530
24440
24420
24420
28960
28940
46640
20160
24420
24420
86101
86101
86220
86101
25990
94920
23990
28940
17240
25110
47510
46410
13960
13960
20420
96020
81100
26301
20170
64992
49390
81210
68209
56290
29100
94120
82301
93210
32200
28990
93290
28940
32990
32990
86210
86900
88990
86220
88990
27510
22190
28250
23190
77210
47789
46499
14310
15120
17120
10710
28250
28250
46439
10730
01621
10910
01621
55209
28302
01629
14132
82990
82990
74100
32130
74209
18129
56102
25940
56101
56102
10410
10110
20140
10420
20140
21100
26301
32990
32910
32990
10120
32990
32990
46900
94110
10910
28930
08990
10110
13990
46640
14190
14190
14190
23990
23140
28940
32990
17120
22190
28940
01610
43290
22230
25930
16230
16290
01130
02300
26110
24100
24100
24100
43999
24100
24100
24100
24100
24100
24100
24100
24100
24100
24100
24100
24100
24100
24100
46720
46720
46720
24510
24100
30110
50300
20150
28302
08910
46120
47760
46750
28302
46499
13921
16210
16210
23650
13940
01160
32910
26701
27310
32990
20600
93120
93110
01610
01220
23110
23190
20600
24340
28410
25730
31010
25990
20301
28290
47300
94990
22210
52102
52103
52101
59131
74203
59120
59131
59131
59120
59131
91011
59131
22210
22210
22210
22210
22210
22210
74203
59120
59111
59111
28940
59131
59120
59111
59120
13922
13960
28120
17290
17120
28930
28290
46690
22290
46690
28290
28290
64929
64921
66190
82912
64991
64999
64910
70221
66110
84110
66190
32130
32120
90030
85520
12000
01490
13100
03220
03210
80100
20590
26110
26110
46120
28490
28940
31090
13300
13300
18140
27510
27520
27520
26301
77390
26301
71122
84250
84250
29100
28290
46120
46690
28290
20590
84250
65120
16290
24440
32990
31090
84250
29100
25400
46690
23200
08120
32990
32990
81223
43290
32990
47789
20510
93290
46120
25300
46180
46460
85421
84110
47230
46380
56103
56103
10410
10200
16240
03220
03210
10200
10200
10200
10850
10850
46380
10200
25710
46170
03220
03210
10200
10850
03220
03210
03220
03210
03220
03210
32300
10410
10410
10200
10410
10200
24100
24100
25930
10200
10200
10200
28930
10200
10200
47810
70229
10200
10200
10200
93199
30110
03110
03110
47640
03110
13940
13940
13940
13100
03120
03110
46499
03110
84130
32300
47640
30110
47230
46380
32300
93130
46740
31010
31010
31010
31010
31010
31010
31010
31010
31010
31010
24510
24510
22190
24200
26309
20590
13200
13922
23310
23310
46730
08110
23610
24420
24440
10390
10611
26513
25400
25930
24200
13200
13300
13300
13300
13300
13300
13300
13300
13200
28120
43999
27400
27400
26702
27400
23110
47520
46730
68209
68310
24320
24100
29202
25990
55201
55209
41201
28940
46750
46210
13100
13100
13100
01160
13100
13100
13100
13100
13100
13100
13100
13200
13300
13100
30110
17290
22210
28290
13922
20302
18129
28990
18121
26511
30300
08120
23910
32990
08120
23910
23110
52220
92000
30110
30110
09100
30110
30110
30110
20130
46410
13200
23140
17120
42910
23320
23610
77390
20412
43330
22230
47530
46730
22230
22230
22190
22230
16290
20412
27510
13939
43999
20412
32910
47530
23610
43330
22190
16100
16100
25110
26800
26200
47760
30110
10611
46380
28930
10710
47240
46360
28930
10611
10611
10611
10611
10611
10611
10612
10612
10110
26513
26511
26513
46220
46220
01190
22290
23490
23690
46220
01190
47760
46220
77299
28120
32910
23320
28120
28120
22190
09100
27110
20120
27400
26511
26513
20130
46760
08910
22230
17120
46120
20590
32300
20200
93120
85320
85530
85320
85530
85320
28150
46690
13300
13300
13300
22190
23990
46210
01190
28302
01190
20510
30200
25990
25920
24420
24420
24420
24440
24440
22210
24420
24420
31090
30120
17120
17219
28950
17219
30920
10860
10860
10822
46170
47110
46390
46690
46690
28930
82920
10860
27510
28250
71200
27510
46380
46380
56103
28930
28930
28930
10890
10890
46690
46390
46390
10860
10860
42990
86900
86900
32500
93199
32300
93120
93110
92000
93110
46160
15200
47721
46420
46420
46420
15110
23990
14190
14190
28940
46640
22290
77299
46210
28302
01190
01190
01190
10130
99000
84210
99000
66120
99000
02100
02200
28302
02400
02400
02100
02400
02400
43120
77310
46610
02400
84130
02400
02100
24100
24100
24100
24100
25730
25500
24420
28210
28410
25710
28220
46690
22290
20140
28410
28990
28960
58190
20200
43999
93210
96090
52290
14142
43999
24540
24420
20590
19100
20590
20590
24420
16290
28990
28990
24100
20590
32990
32990
46499
45111
45111
45112
45112
28950
09100
28490
30910
30910
30920
30920
16290
31090
22230
74909
28230
94990
30920
68209
90030
94990
08110
28250
51210
51210
77352
51210
52290
77120
52290
50200
50400
50200
50400
52290
77390
50200
50200
49410
49200
49410
49200
49410
50400
77342
08990
20301
31090
27110
26511
26513
46310
10710
03120
03120
03120
03220
03120
03120
23990
23990
56103
65110
13200
13960
13960
03220
46630
52102
52103
52101
47110
10850
10320
46310
46310
46341
46341
46341
46310
46170
46310
46310
01130
16290
10710
28302
11070
11070
20200
10390
10390
10320
28930
10710
10390
01630
10822
10390
10710
10390
10822
10390
28930
10390
46310
01250
20200
47210
11070
47810
11070
01610
01630
11030
10390
10390
47210
46310
27510
25990
46120
20590
77390
25290
28210
20130
47300
19201
28131
19201
46711
47789
28131
28131
84130
29320
30300
47789
02100
46719
46719
46719
08120
13300
46750
31090
20200
81291
93210
56101
66300
84110
84300
84300
82990
96030
96030
96030
23700
32401
32401
20200
46120
46750
49319
22290
01490
46420
46160
46420
15110
15110
01490
46420
14200
01490
28210
23200
46690
81223
28210
28210
28210
46690
13921
46470
13200
13200
13200
13990
46150
46470
31090
13921
74100
46470
31090
25720
22290
31090
31010
31010
31010
31090
31020
31010
31010
31090
32500
31010
31090
31010
46650
31010
31010
31010
46650
31010
31010
31010
46470
31090
31090
23690
23650
31090
20412
49420
77299
52102
52103
52101
14200
47710
46420
46160
14200
14200
14200
01700
46240
46240
46240
02100
27120
20510
25400
24440
27120
20590
30300
27120
46690
28940
13200
66110
13200
15200
13960
15200
24100
46720
25610
26513
92000
84120
47220
46320
10120
01490
01700
32409
47650
46499
47650
32401
32401
92000
77390
21200
46730
08990
52219
68209
16230
45112
46690
23650
38110
13940
47760
31090
25730
25120
16230
22190
31090
47760
25730
77299
25730
94990
47520
46610
81300
01130
14200
23910
28940
14190
47789
35230
47599
46719
35230
28210
26513
28250
28131
28132
28140
06200
27400
06200
09100
28290
25400
27400
27510
52219
52220
23200
13960
32990
26511
26513
15120
42210
19201
46719
28290
24200
35210
23200
49500
28110
28110
28110
35210
82990
46719
46711
28290
46690
23990
46711
27400
19201
13300
16230
28140
25120
26301
28990
26511
26513
23190
32990
32500
13200
28150
29320
30910
28150
30920
28410
28131
28150
28150
28150
46690
01470
20590
20590
20510
08990
96090
96090
81210
94120
46900
25620
86101
86101
33120
86210
86101
94120
86210
86101
52102
94120
84110
18129
84110
47110
47110
47190
28290
46690
35110
28110
27110
29310
86220
86101
71122
58110
71122
71122
43130
71122
71122
26511
26513
43130
71122
71129
86101
86101
86101
24450
27330
01130
10390
47789
18140
25610
15110
32130
13960
11010
10410
10410
11070
01280
13200
94990
94990
94990
15110
21100
21100
46180
46460
47520
23190
23190
25730
28490
28490
28490
32500
23140
13200
23140
23190
23130
23120 
23120
23910
20412
28490
20301
77299
23120
46770
23140
28990
25110
17120
23190
47599
46440
23130
23190
23190
23190
23310
10612
23310
23310
20301
43342
25120
43342
30300
93120
46499
28140
32990
23190
96010
15110
14190
46420
22190
14190
14190
14190
47710
46420
14190
14190
22290
47710
47710
47710
29310
10620
10620
20520
16210
18140
16230
46120
28990
28490
10620
10860
46120
20411
46460
21100
46180
01450
01450
01450
32500
24410
46720
32120
24410
32120
32120
18140
32120
32120
07290
24410
18140
15110
32120
32120
32120
32300
22190
29100
93120
32300
42990
93110
93110
28220
52290
52290
52219
46900
46900
30200
28290
30200
10120
01470
01250
25730
42990
91012
72190
85320
14132
14120
26513
28922
28922
46630
85421
23190
46210
28302
46110
28930
28302
28302
01630
01110
10611
28930
24100
28930
52102
52103
52101
52102
52103
52101
46210
46210
85310
26400
26400
26400
59200
18201
18201
47630
46431
46431
46431
52102
52103
52101
46730
08110
23700
94990
94990
28990
01210
01230
74100
26200
23990
08990
28990
23990
96090
25990
28210
27520
32500
32500
46730
08120
09900
09100
08120
24540
20302
28990
18121
10840
01629
19209
17120
19201
46719
47210
16230
18129
46499
58190
47620
25400
17120
93110
93110
93199
16290
25120
27510
25930
27510
25610
28923
28410
28990
28302
28930
23910
28240
28490
28490
23910
10611
28290
28923
10611
47110
47110
47810
96090
16100
10832
30300
30300
30300
46690
26309
42110
68209
10410
01110
10410
22190
93110
22190
43999
43999
02300
01250
01230
02100
01260
46750
08910
80100
55209
55209
96090
25400
26511
25400
25400
94110
01470
01470
32200
23610
20520
17230
46750
25400
25400
15120
20510
26511
26513
26701
20510
16290
32990
32990
22190
22230
93110
46499
32300
85510
86220
86101
08110
23520
23620
28990
13960
47510
46410
25730
07100
86101
10130
10110
32910
27510
25710
22290
22290
32910
13100
27510
13300
25990
20420
14190
14190
32990
22190
32990
20420
22190
32990
13200
46450
96020
29320
87900
87900
87900
87900
31090
55900
46120
46750
20140
20130
10130
10130
10130
10130
10130
25730
28240
25500
46740
13940
93290
01490
18129
77390
20420
47510
46410
15120
17120
46410
46690
28131
32990
32990
32990
25730
46740
28240
28240
13923
28220
47722
46499
15120
15120
30990
26200
16290
47789
14190
14190
17220
14190
30910
30920
16290
16290
16290
16290
22290
16290
28220
28220
28220
28220
28220
28220
25730
13923
30300
43330
52220
42910
52220
19201
09900
05101
09900
05102
19100
19100
26200
26800
32990
25730
20411
16210
19201
26513
46150
47520
62020
62020
46740
62020
46740
46740
46740
16220
46730
32200
32200
15120
15110
15120
32200
28302
28302
46610
28302
15110
13960
15120
14190
46420
14190
14190
28990
25730
14190
14190
14190
14190
17290
14190
14190
14200
49410
49410
49410
77120
28921
13922
46210
28302
77320
38120
01250
70100
70100
70100
70100
70100
70100
70100
70100
70100
32300
23990
14190
22290
28921
26400
26400
14190
28940
84220
71122
84120
86900
93130
96040
47290
65120
86900
26600
47741
46460
30990
32910
23310
23310
43220
27520
46690
28250
25300
46740
23200
23990
26511
26513
23130
22290
28940
28210
10390
10511
20590
27510
02100
27520
43220
27520
43220
46740
46719
27510
43220
71129
28140
28140
28210
25500
29100
49410
50200
25930
28230
28240
81300
28302
22190
95230
15200
28131
25930
28490
28131
30300
51210
51102
30300
46690
43999
46210
13100
13100
13940
13100
13100
13200
18140
18140
90030
46170
47210
10831
47210
20200
46750
01130
46310
77390
01629
46330
10410
46380
13200
46410
46120
20140
46750
18129
46110
10110
10110
46240
28940
10110
10110
10110
46240
46240
26400
47430
24100
84230
84230
84230
24100
20600
85410
85422
85421
81299
42110
25720
01430
64921
94990
91020
96090
91030
93290
93120
32300
93110
25730
28220
28220
28220
64205
64201
64209
64203
64205
64204
64202
64209
64204
64209
64204
64209
28230
55201
55201
55201
55209
79909
24200
24100
23130
23320
24510
24420
25990
22290
23200
87300
87300
87300
87300
87300
87300
88100
88100
86900
86900
86220
21200
87300
87300
87100
10860
10390
10511
28930
23910
46380
01490
01490
28410
25990
30200
16240
02100
10110
11070
01280
10890
46210
09100
21200
21100
46180
46460
32990
32990
32200
29310
29202
94990
96090
15120
30990
30990
01430
92000
93199
15120
02300
46210
13100
13100
13100
13100
13100
92000
46230
46610
77310
22210
13300
22210
22190
13960
14310
46420
14310
13300
28940
18129
13300
13300
13300
86101
86101
86101
86101
32500
65120
96010
65120
85100
85310
87900
87900
55900
30300
25610
24100
24100
56103
24200
28990
20520
28910
27510
25500
24100
24100
24100
24100
24100
24100
24100
24100
24100
24100
24100
24100
24100
24100
24100
24100
24100
24100
24100
24100
24100
24100
24100
24100
24100
24100
24100
24100
24100
24100
24100
28290
25500
22190
43220
46740
35300
55100
55100
55100
09100
68310
41202
47599
65120
68209
68310
15200
30120
14132
17220
47599
25990
17220
47599
47599
46150
77299
46499
46499
46410
47599
46499
47190
13923
13923
47510
46410
47599
25990
22290
16290
77299
41100
41202
68201
84120
30110
50100
25400
61100
96030
21200
70229
78300
37000
72200
28250
26513
93199
93199
94990
93199
01700
01700
01700
01700
01700
01700
32300
84130
01700
16290
16230
26200
26110
26200
93290
23520
28120
28220
28120
28220
28120
28120
46690
28120
20590
46120
28410
43999
71129
28120
28120
22190
15110
23520
19209
28120
35300
72190
28120
20590
28110
28110
28110
46690
55209
35110
28120
46120
20140
06200
20140
20130
30110
20110
46120
46750
20130
46750
46120
26511
26513
71122
71122
26511
26513
26511
26513
46690
26513
28120
20130
81299
22190
23190
17120
32500
09100
47110
47110
46750
32500
35300
35300
31090
52220
31090
10520
46360
28250
56103
10520
56103
56103
93120
93110
93110
32300
10810
08110
29310
29310
29310
23190
27400
46690
22290
27400
90030
26110
26702
18130
18130
61100
60200
13200
13910
13200
32130
46480
46480
46480
14110
14110
32130
46480
27510
46439
16100
21200
28131
91020
20412
13300
90010
16210
82200
13960
20510
38220
28210
81223
47791
82990
60100
66190
29320
17230
20590
29310
27900
46750
32409
28210
46690
28250
26110
20520
25300
22190
19201
32910
32910
56290
28990
20590
46120
46750
81210
20590
14120
96010
71121
71121
71121
70229
46750
28110
46140
81299
68209
46120
46750
20110
46750
23190
65120
28140
15120
14110
46900
28990
46120
46750
23440
25110
43999
17120
14200
26512
26514
32990
32120
28140
28990
46750
20411
28110
28220
19201
28140
26520
28220
26110
16230
10200
20110
10860
10860
10860
85200
47710
46420
86101
86220
86101
86101
86101
22290
30120
46499
22190
30120
30120
22190
30120
22290
30120
46499
28131
84210
82990
79909
26200
63990
62020
62020
27400
26301
26701
28910
24440
24440
24100
24100
64302
28960
65120
20590
32990
16290
50400
50300
30200
28110
22110
94120
55209
20130
46120
20130
20130
20130
80300
01490
20200
46750
46120
18130
15200
70221
43320
43320
43320
80200
80200
80200
80200
43290
33200
43210
33200
43220
43220
43210
33200
43290
33200
43290
33200
43910
43320
43210
43210
47421
33200
43320
33200
33200
43220
33200
43210
43220
42110
43320
33200
43220
33200
33200
43210
33200
43220
43210
43210
43210
33200
33200
43290
33200
33200
43290
33200
33200
43330
33200
43210
80200
43220
43220
33200
43320
43220
43220
43220
33200
43342
43220
43210
43210
33200
33200
33200
33200
33200
43210
43320
33200
43220
33200
43290
43210
43290
33200
33200
33200
33200
33200
33200
33200
33200
33200
33200
33200
33200
33200
43320
43320
43320
33200
33200
43342
45200
45200
43320
33200
33200
43220
33200
42110
33200
43210
42210
43220
33200
33200
43290
43210
62090
33200
43220
33200
33200
33200
47430
43220
43210
43220
43210
33200
43210
43290
33200
43220
33200
43220
33200
43210
43320
33200
33200
43210
43210
43290
33200
33200
33200
33200
43290
43220
43290
33200
43320
33200
43320
43320
43320
43320
43320
10832
20590
46439
46439
32500
94120
94120
94120
94120
94120
94120
43210
94120
94120
94120
85320
85510
16290
26520
46520
32500
46460
46460
32990
46520
46690
26511
31090
23430
27320
23190
27320
26110
22290
46690
27320
27320
27320
27320
22230
22190
43290
29310
23140
22190
16290
19201
19209
43290
23990
23430
23190
65120
66220
66220
66220
66220
66220
66210
26110
46520
71129
71200
28120
20590
28120
94910
66190
25730
22110
22110
49390
30300
64991
26120
74100
74100
74100
43341
43310
31030
43310
13200
22230
23200
68310
29100
28110
30910
29100
28110
28110
28110
99000
99000
99000
84210
80300
61200
47910
45112
60100
47910
74300
10620
30920
30920
30920
30920
47749
46460
10860
10860
10810
80300
66190
66120
28910
64301
64301
95290
64992
28230
20130
28290
20160
24410
46120
27510
24100
46720
24510
24100
07100
07100
07100
07100
09900
07100
07100
07100
24100
08910
20130
28921
24100
46720
27510
28940
47520
46740
46150
26600
28930
42210
01610
20590
26110
20110
86101
46120
28990
66190
32990
28220
30110
71129
14131
14132
28220
46690
28940
28940
10390
22220
81210
25610
23490
23650
23130
22220
13200
14131
14132
56103
10390
10390
22220
14390
01130
30300
08910
32120
28120
23410
15120
46499
20120
46180
32130
32120
47770
46480
32130
74100
32120
46480
46480
32130
23190
32120
32120
32120
32120
32120
77299
32120
88990
94910
28290
46620
32409
96010
18129
96090
93199
93120
94110
28290
23990
32990
58142
77210
90030
94120
84230
84230
93199
27510
10822
77210
26400
14390
27330
85200
10519
84230
13300
13200
13300
13200
13100
13100
01160
13100
13200
13100
13100
87900
87900
47710
08120
10410
10410
13100
26400
30120
29100
29100
29320
23510
25920
25910
22220
16240
03110
01160
93199
96090
93199
93290
23610
23700
10410
19201
46719
27400
10840
46120
46750
20140
27510
25990
91040
25720
25720
96090
15120
32200
32200
32200
26200
23200
23200
85100
10200
17220
24420
25710
13923
31020
17220
47599
23410
23130
22290
16290
77299
30300
46160
01250
26110
14142
25710
27510
28140
25710
96090
14190
14190
14132
14132
13910
14190
13300
18129
13300
13300
13300
14190
14141
14142
13910
14131
14132
14190
14190
14132
14132
14190
14190
14190
14190
14141
14142
14141
14142
28940
47540
46640
25930
22290
47510
13100
13100
13100
13100
14390
25730
25730
25730
25730
22290
22290
13939
28940
13940
17120
28230
28290
82920
13960
22290
18121
18121
17290
17290
13960
13960
26513
31010
28210
31010
26513
23440
32500
32500
26511
26513
32500
84130
94200
94920
78109
02300
13990
13990
13990
13300
96010
13990
13921
74100
13990
13990
13990
13990
13990
13990
13990
13990
13990
13990
13990
13923
13990
13990
20301
25610
31090
47520
20140
21100
46460
10519
77320
13960
25990
25990
16290
14190
15120
47710
25710
28910
11050
23990
20120
50300
14200
32500
22210
23120
22210
22210
16210
16210
17120
22210
24420
18130
28230
28950
13300
16210
23190
27330
28990
27400
27400
23190
27400
47599
22290
68310
41100
68100
28922
43120
41100
68209
43120
84130
42990
71122
71122
68310
43120
38210
30300
32300
52220
30110
55900
68209
71112
81300
81300
81300
85590
72200
10410
28410
13300
25730
26200
46330
10110
10410
10110
26701
28410
46510
32500
16290
25720
22190
28410
28410
25730
50200
30300
28990
96010
96010
20120
32910
28940
96010
10620
46690
22230
13923
03210
03210
69109
84240
85421
58190
72200
94120
69109
28302
47520
46610
20150
69102
43330
43330
96030
43330
43330
43330
43330
43330
43330
18130
24430
46720
27200
24100
07290
07290
20301
24430
23190
25930
58110
01130
71200
58141
94120
85590
77400
77400
46110
46240
15120
15120
14110
47710
46420
15110
15110
15110
15200
14110
14110
15110
46160
15120
47722
46499
14110
15110
15120
15110
15110
14110
28940
46640
13960
13960
13990
25930
31010
90010
01130
25990
69109
94990
94120
69109
69109
72200
69109
99000
15200
15200
01110
93110
30120
01230
11070
11070
91011
91011
91011
13200
32500
23190
32500
23190
26701
01110
10612
86101
52219
17230
17219
28230
82190
20302
18129
28990
58190
01130
30200
26511
26513
26511
26513
28922
43120
28290
65120
94920
91011
91011
91011
90030
56302
56302
56302
53201
96090
56302
56302
56302
58290
02300
65110
65201
72190
32990
13922
32990
32990
32990
30110
32990
30110
85590
32990
13922
32990
30110
28220
28220
28220
49390
49390
28220
46690
28220
46690
27400
27400
26110
46520
22290
19201
46690
25920
77110
14132
26200
46120
30110
32990
52220
52220
52220
52220
27400
47599
46470
27400
27400
27400
27400
22290
27400
27330
52220
30110
14132
05200
19201
05200
09900
46120
19100
05200
86900
20150
23520
01230
28210
23700
46730
08110
08110
23700
09900
25940
17240
26301
24200
26301
46520
26301
13100
13940
46690
32990
46410
13200
13300
13960
13300
96010
18129
13200
30110
28921
22220
14142
72200
14190
25930
47530
22230
46730
43330
10410
01110
10410
10410
46180
20420
09100
46120
20110
20110
20110
46711
11010
46342
46120
46750
19201
10832
46690
28120
28131
46719
06200
20301
20110
46499
46711
19201
20411
24100
10810
26513
82920
49500
10822
28230
74909
94990
27200
20590
18130
23700
90030
20302
18129
18121
18130
18130
32500
38110
46230
46230
46110
46230
46230
28220
14120
46230
65120
71200
65120
26120
26120
28921
52243 
52242
52243 
52241
52242
52241
52243 
28922
13940
64921
70210
28131
03220
03210
91020
96040
52220
52219
96030
88990
42990
87900
90040
96030
52220
37000
42990
84250
93110
50400
96030
42110
88100
87300
41202
93110
52220
87900
52230
84230
41202
93290
50300
81291
88990
93110
38210
56102
42110
49319
84240
56290
37000
88990
93110
43210
93110
84240
49319
84110
60100
25720
42910
25720
25110
25940
31010
13910
46740
25720
30200
30200
46690
01250
94990
87900
55900
28490
16100
16100
02400
01250
46730
02200
02400
91020
16290
28940
16290
28940
13921
23140
17230
84230
94910
45190
45190
45190
45190
29100
28220
66210
92000
26400
11050
11020
11020
24100
10860
29202
10860
19100
10860
82990
10822
10822
46719
19209
19201
20590
19209
46120
46719
47300
28131
28290
15120
15120
15120
30990
30200
15120
15120
20120
56101
56290
82990
01110
20130
90030
46460
46180
10730
28930
46140
13922
25400
16290
18129
33200
25730
28490
28410
46620
46620
28490
28490
46620
77390
28410
28410
28410
28410
28410
28490
46140
28290
46900
15120
46690
46660
77299
71121
13960
15120
28290
77390
28250
28490
28921
46690
46690
46690
46690
46900
46690
28302
28990
26200
28410
28290
14131
14132
62012
13922
13922
17120
18129
58142
46499
77210
01490
84230
23200
24450
08910
26800
26200
26200
26513
26800
26200
26200
46690
26200
46510
26400
26600
26200
26800
26400
29310
29310
71122
26110
46520
26701
24430
53100
28230
47910
45320
82190
18140
58120
82190
26200
96030
96030
45200
68209
10611
10611
10620
96020
20420
71111
24510
11060
10890
11050
10890
10620
26600
62030
70229
70229
85320
93110
01230
24450
27200
07290
20120
24450
24450
01220
01190
22230
46180
20420
25710
15120
96020
28110
20600
13100
13100
13300
13100
13100
46180
13200
13200
13200
13300
46120
13100
13100
13100
13100
13100
13100
13100
13100
13100
13100
13100
13100
20600
28940
20600
26511
26513
68209
30990
24100
25990
14200
84130
46750
28302
46610
18129
58110
91011
18129
47620
10810
46730
23700
08110
23190
10420
46330
42910
93290
10410
03210
52220
52220
71200
74909
03110
19201
84250
03110
03110
65120
71200
28110
25300
20301
46690
52220
25990
46770
71200
50200
93290
52290
84220
28230
32990
73200
73200
73200
73200
73110
70229
20590
08110
10390
13922
77210
88990
88990
96090
10822
85510
10822
10310
26600
43999
86900
32500
96040
24440
96090
20301
46730
30120
30110
23140
20510
46499
25730
01270
46210
86900
86900
86101
86101
26513
72190
59200
13939
13939
13939
14200
16290
13939
22190
24440
24450
16290
16290
22230
25730
31030
23140
31030
31030
31030
10720
10840
93120
11030
10611
10612
56290
77390
26511
26513
46690
28290
28290
28290
10110
46320
10110
46390
47220
46320
46320
47220
10130
10130
10130
10110
47220
10890
46380
10890
10110
10130
56103
10130
46320
28930
10110
10130
10130
46320
71129
28210
38320
38320
25620
28220
15110
28220
28220
28150
28150
28150
28150
28150
28150
28150
28150
38320
28922
46630
28210
17110
71129
32500
47789
77291
26800
73120
74202
32500
77299
32500
94120
86101
21200
46180
47749
46460
86210
21200
32500
86900
26600
32500
19201
78200
72190
32500
32500
85421
72190
46460
32500
32500
21200
46460
46460
46180
46180
46460
10822
32500
21100
21100
28131
21200
47730
16210
19201
26400
20140
20160
10420
01130
28210
94990
26200
91040
13300
47710
47710
47710
46420
47710
47710
86101
86220
86101
86101
86101
85590
28940
13300
13300
18140
46410
50200
27200
27400
13100
22220
53201
53201
53202
53202
46770
25990
46120
22290
28410
28410
26513
25990
25990
25910
18130
25610
25500
28410
31090
25110
25110
25110
25110
25110
25990
25990
25990
25990
25500
46120
46750
20590
25990
20412
20301
25990
46690
28910
24100
25110
25110
25110
25990
25610
28290
46720
25110
20590
25990
25990
46120
43320
28410
28410
25920
46120
46750
20301
15110
13960
46120
46750
19100
71200
28910
46120
46720
46720
46720
46499
26511
26513
26701
26513
22230
82990
28131
26511
26513
26511
26513
26511
26513
26511
26513
26511
26513
06200
20140
46750
94910
20140
32200
49311
84240
49319
23990
08990
23990
26200
21100
26110
46520
26110
26200
26702
26702
26702
74202
26513
71122
26400
26702
26110
26702
46690
26513
26110
27510
46439
26110
85200
86900
86900
55900
84210
86101
25400
14120
85421
84220
30400
30400
86101
84220
91020
84220
25400
85320
84230
46330
56103
10860
10821
25920
25910
10821
49410
28930
11070
10511
10519
25990
28930
10519
28930
10519
10519
47990
11070
10511
10511
28302
46610
47990
17120
23990
01110
46420
47710
46420
14190
25730
28930
28410
28940
23910
23910
10390
25400
26511
26513
26513
43999
39000
21100
20120
28921
28921
23990
23990
19209
06100
19201
84130
71122
11070
46341
46341
11070
46341
23990
28921
27400
27120
29100
45111
45111
45112
45112
26200
09900
71129
77390
30200
28921
46630
07290
72190
84130
43120
16100
28921
28240
84220
84220
84220
72190
10831
10840
16290
23120
32500
23120
25400
94910
26513
11030
47190
01500
20110
28960
29203
29203
28220
56103
68209
29100
28220
26301
61200
47421
47421
33110
29100
32409
93290
30110
46120
20590
32990
32990
32409
22290
32990
32990
26120
26301
25110
30110
13100
13100
13200
13200
10910
10810
01610
28921
14200
01490
10200
10200
20200
47230
03210
46380
24450
07290
94910
66120
64921
64191
26110
80200
26309
80200
26200
26400
20140
32500
26701
20600
46120
20140
46750
26110
25110
28120
23700
32910
30910
45400
45400
32910
13200
13200
86220
86101
20120
25400
25400
28923
28923
23640
23640
23200
66190
66190
64929
64922
28490
96030
23310
23190
23310
94910
02300
23990
46760
71200
55100
55100
55100
28921
26513
74203
59131
59120
59111
77390
59140
59131
59120
52219
45320
45310
46120
49320
30120
49319
29100
29100
49390
49390
28120
28120
19201
27110
45190
45190
65120
45200
30910
19201
46711
27120
30910
45190
22290
49410
71121
29310
29310
29310
45200
45320
45310
29310
29100
45200
45200
45111
45111
45112
29100
71200
29100
45111
45111
45112
45112
30910
45400
77390
45400
30910
45400
45400
77390
45400
45400
45190
45190
29100
46690
94990
52219
79110
30300
30300
42110
52219
56102
47300
25730
25730
23200
27120
22190
16230
28930
28960
25730
20160
28960
28490
28930
22190
23200
22290
16230
23200
46690
17290
93199
55202
32300
26110
46520
17290
20520
32200
32200
26520
28220
28302
28302
09100
28921
23200
14200
01250
01430
23190
72190
72200
26200
82190
17120
23120
23120 
26301
84130
17211
46760
49319
91020
91020
91020
02300
01130
01300
47210
46310
59200
32200
94990
90030
90030
59200
90040
18130
18129
47591
59200
18201
85320
32200
32200
77210
32200
46180
47591
46491
46491
46491
32200
77299
47591
90010
13300
13300
13300
13300
13300
13300
13200
03110
03220
03210
10840
10840
10410
28930
10410
01110
66300
32500
56290
56302
56290
47110
47110
30300
25930
32910
25710
20420
28490
25930
46740
25990
22290
13990
19201
20140
17220
17220
13960
93290
24100
13960
94990
72200
91020
91020
93120
85590
91011
91011
91011
94120
91020
72190
91020
64191
88990
94990
91020
94990
08910
46180
72190
35220
06200
35220
71122
06200
35220
91020
20530
03110
72190
32990
46120
24460
96090
91040
26513
85320
71121
30110
30110
52220
46690
26511
26513
10410
14190
14190
01240
28150
28140
13990
13939
13939
13939
13939
13939
13990
13939
47510
28940
25930
32500
46410
26702
94110
20200
20110
27400
13910
13910
47530
13990
13940
13910
22290
25930
25930
13940
26200
26120
86900
20140
93110
63910
63990
20302
18110
58130
47620
46499
17120
47890
27200
24450
24450
07290
24440
24450
20200
01110
25990
56301
14142
32990
14190
14141
14142
27200
25730
46750
20150
46120
46120
20150
20510
13960
20110
20150
20301
20140
20150
20150
20110
24100
46760
13100
74901
66190
28230
46170
47250
11070
24100
24100
10910
27330
27330
27330
10890
10410
28250
28210
28210
26513
46470
27400
28290
24540
09900
07290
07290
24450
65202
65202
38320
23990
84210
24100
68209
28140
51102
49390
43341
47990
47990
20160
02300
13950
22220
22220
13950
13950
10730
69109
69109
24420
17230
22290
13990
10822
22290
15120
30300
23200
25300
24460
25300
24460
32500
71200
35110
25300
25300
26511
32500
86101
32990
26511
26513
47789
14120
86900
01300
32300
85100
13923
14120
14120
78200
87100
86900
86102
87100
94120
25940
10822
10390
10822
10390
28930
10390
01280
10390
02300
21100
10720
10611
10611
10611
01110
26701
88100
88100
86900
26511
26513
08910
20120
20530
47250
10110
46320
41201
17219
81210
77390
47410
77330
47599
46650
77330
46140
28230
28230
77330
77330
99000
32120
31010
47620
22290
78200
17219
56290
68209
69201
84230
45190
45190
45190
45190
45111
45111
45112
45112
28990
18129
46660
30110
49500
42210
49500
52220
50200
30110
92000
26513
10410
20590
09100
09100
09100
09100
09100
09100
09100
09100
09100
09100
19209
23990
46210
20411
09100
77390
28290
28210
10410
47789
46719
10410
01260
49500
30110
06100
30110
43999
06100
19201
28290
28290
10410
10410
46210
01110
06100
06100
39000
39000
39000
06100
25290
46120
10410
46410
28131
50200
20590
46750
14131
14132
23910
21200
88100
88100
87300
87300
87300
87300
87300
46210
20140
20140
20301
10410
01260
10410
10410
10410
10390
25990
45200
49319
74203
01130
58190
58110
58190
58210
58120
58120
78109
58190
58190
58142
58141
58120
58130
58190
58190
58190
58190
58290
20301
21200
91020
24330
85421
05102
05102
05102
64304
90040
90010
32500
49319
93290
35140
38220
49319
36000
38210
52212
93290
93290
49390
38110
38120
81100
86900
32500
86101
86101
32500
46690
32500
47789
20120
26200
26701
26511
26513
26200
32500
32500
23190
27310
46690
27310
26701
23190
46439
26701
26701
26701
26701
26800
26701
26701
26701
26701
26511
26513
26600
46180
21200
20420
86230
01230
11070
30300
90010
25400
46120
46720
32200
13200
20140
20140
23910
24100
20301
20140
20411
66190
99000
99000
85600
90010
46750
20140
47789
16210
09900
08110
13960
23410
23310
03220
03210
01300
13960
43390
23130
22290
32120
16290
32120
87900
87900
86230
32500
47749
32500
46460
86101
86101
32500
26511
16290
02200
16290
25110
86900
86220
01490
85590
24100
46760
46760
31090
56290
01220
31090
82200
27400
31090
31090
43999
31090
81299
14190
14131
14131
14132
29201
29203
29202
29202
27330
96090
28930
27510
28210
46439
46499
23130
70229
14120
14120
14120
14120
14120
15200
43120
13200
14131
14132
30300
42220
27320
18130
18130
28220
26702
15200
19201
88990
20140
20110
32500
20130
32500
20140
20140
56101
03220
03210
03220
03210
03220
03210
46380
32500
26600
46460
79110
82920
28290
77390
82920
47789
23490
22220
52290
17219
16240
22220
28290
17120
23990
82920
17120
52290
46770
13100
25720
86230
26301
61200
61200
25910
20301
47520
46730
32910
32910
20301
28290
20301
46730
24100
90030
94120
43341
31090
45200
30110
46130
72190
02200
24410
28220
77390
28220
28220
25990
22290
16240
46130
10410
10410
46330
10410
10410
96090
18129
58110
10720
45200
28490
29320
23990
23610
23650
23620
14142
14310
01220
17120
47620
17120
17211
17240
17120
17120
17120
28950
46690
28950
46760
46760
25990
17290
17290
17290
17290
25990
46760
17220
23990
17120
28950
46760
17290
17290
17290
17290
17290
17240
17290
43330
17290
13922
46160
19201
47789
46750
19201
19201
28140
86900
32990
10612
82920
53201
53202
53100
17120
15110
28490
93290
81300
42110
52219
82990
52219
26520
69109
43330
16220
01130
01130
27900
16210
25120
31010
74909
28490
28490
28490
28490
23190
29320
28240
28150
14131
14132
14132
14131
14132
28302
14132
14131
14132
14131
14132
79110
79110
51102
51101
51101
51102
30110
30200
29100
28220
50300
50100
50100
50300
77390
49319
50100
52220
49390
49100
49100
49390
30110
77341
74201
18129
10730
10850
10730
32910
20301
23990
32990
10511
10822
10130
47240
10720
32910
28930
69109
74909
46719
19201
15110
46460
69109
10130
86900
17290
96090
23190
23190
16230
42110
28923
23310
23610
23700
23310
64921
47799
84220
66190
69202
56103
01110
28930
10612
01240
14190
10390
01110
01240
32120
03110
32120
32120
46719
08920
19201
08920
08920
09900
23990
08920
08920
08120
65120
25990
22290
30920
42110
96020
26511
26513
10390
10390
22290
10110
32990
32990
32990
28230
28490
47620
46499
28230
19209
32990
13922
47620
32990
55900
66290
66290
65300
66300
65300
65300
84230
25300
28140
75000
10840
01280
10840
46170
20590
20590
46120
20140
30920
13922
47789
46499
20510
20140
27510
25990
20510
32200
25500
71200
94120
85520
85421
90020
94120
20420
47750
46450
20530
20530
46180
46450
46450
18129
58142
91011
26200
26701
10890
10390
10390
10390
10390
28131
03110
23440
25990
46690
29203
24100
20130
11030
26200
65120
32990
18129
30120
30400
78200
01610
81291
81291
20130
20140
20200
01490
10920
46380
47760
01490
10920
47760
10920
10920
26600
47760
96090
13960
28290
19201
19201
47300
28110
28131
09100
46711
46711
19201
19201
46120
46750
28921
71122
19201
19201
46120
71122
19201
19209
46120
19209
19201
46711
19201
19209
09100
09100
71122
14142
31090
24430
25990
26511
26513
26511
21100
47730
46460
01280
23190
46180
46460
46460
21200
32500
94120
21200
47730
20140
20160
46750
46120
47789
26120
18129
08910
20150
46120
20150
20150
46750
46120
46120
46750
46180
46460
46750
46120
20130
58190
26110
26110
26702
18130
18130
47789
26110
26110
18129
47410
82190
46660
28230
28990
27400
26511
26513
74203
74203
74203
74203
74203
17290
74203
74203
17120
20590
74203
20590
26702
46180
26702
77210
20590
22210
26702
20590
59120
46439
47789
46439
46439
46439
26702
96090
46180
20590
46180
74201
20590
22210
74209
74209
85520
28990
18129
74209
28990
28990
26701
26513
74202
26110
18130
20140
93199
46690
26513
72190
96040
71200
72190
86220
86900
86900
32200
77210
85520
95290
24340
47591
10390
25730
02200
15120
10390
10390
46120
20590
26400
28302
74209
16290
17290
47789
18129
47789
90030
26301
47510
46410
13300
22190
24100
52220
52220
25500
10720
26110
46120
20140
46750
01460
46230
01460
01110
20301
46230
10720
13931
13931
13931
13931
13931
13931
13931
13931
43999
28923
13300
13910
13931
13931
13931
13931
13931
13931
28923
28923
25920
43999
43999
02200
25110
23200
30910
13921
13923
21200
52220
13923
25730
01220
25710
25930
32401
24440
24440
15120
23990
25730
24420
24440
24510
28990
32200
22190
25300
12000
08120
71200
42210
42210
71129
49500
25110
23320
23320
23990
22210
29320
24420
23650
23320
23610
24440
23650
23200
22190
24200
24510
23190
13200
28940
01250
25400
28110
28110
28110
28110
28110
28110
28921
02200
46730
19100
32200
46630
10850
94920
28150
28940
16290
13300
16290
25990
18129
25730
25730
28923
30300
28410
28490
16100
28490
77390
01300
01300
01300
01300
20200
46750
77320
43999
20200
10822
01300
25110
28302
81300
47760
46220
01160
01300
01280
23520
46730
23620
32500
32990
23520
23620
23620
46730
43310
32409
32910
24100
13940
25610
96090
27330
32409
22290
46760
27330
28230
46760
28960
22210
31090
18140
20160
28960
23110
65120
18130
20412
18130
18130
18130
27510
27520
24420
23410
17220
22210
22290
22190
24430
24430
24430
33110
30110
29202
25610
24410
24410
07290
32409
32300
88910
88910
32409
46499
90030
30120
93290
50100
77210
93290
93290
42910
56290
17290
13300
13300
25730
28302
28302
46610
26110
27330
28140
09100
46439
46690
01240
46740
25990
43220
46740
13200
13200
13200
20130
65120
16210
46730
28490
28220
28220
46690
28120
26513
28240
28120
28240
28240
28960
22110
15120
15120
25710
26520
26520
13200
90030
94990
30200
28230
26200
26511
26513
32500
02200
02200
84240
88990
71200
84240
70229
20412
10612
20412
20412
20412
20412
20412
20412
25610
13923
28990
32910
20412
23910
94920
71200
84120
10130
20160
20600
20160
46120
46760
46120
20520
20600
20301
20160
20160
20160
46120
46760
20160
26513
80100
20160
46760
46120
46120
46120
46120
46120
46750
20160
13200
20160
85421
20160
20520
13960
20301
20160
20160
20520
20160
01240
01230
10822
13960
30110
93120
96090
90010
13200
10130
47220
46320
10130
26513
52220
84240
52220
25110
25730
27400
28240
77320
27510
16230
28220
11050
96090
66300
23510
74201
74201
28120
28131
53100
53100
28490
18140
59120
30200
28230
28230
18129
18129
64191
53100
53100
58190
17230
53100
73110
18130
18129
58190
18130
85422
01630
02200
23610
85410
08910
20150
20130
20150
08910
10310
10310
10910
10310
01130
28302
10310
10310
46310
10310
10310
10620
10310
10310
10310
47210
46310
26511
26513
23490
23130
17220
22220
10130
10200
08120
47599
46440
23410
23410
28990
77299
20150
20150
15120
15120
17230
13921
13200
10120
46320
47220
10130
01629
10850
10120
01470
10120
10910
01470
16230
28302
10120
10120
10120
10130
28930
01470
10120
46210
46610
22290
24420
24440
20301
25500
13990
10890
10890
10810
24430
24430
20590
46180
30120
30300
27110
42220
35110
25110
27110
27120
28240
28240
28240
28220
28240
28240
28220
28220
28220
28220
28220
28220
28220
28240
28240
28240
28240
28240
28220
28922
28921
13923
23610
23610
23610
46730
32120
24410
07290
24410
32120
46760
26513
28150
26513
25940
24200
86101
86101
25110
46730
23610
25110
22230
46130
16230
16230
42990
41201
41202
16230
23610
10110
18130
85200
20590
46120
20590
20301
10910
46210
10850
46130
46120
32990
20412
96030
18130
18130
18130
85100
18201
94910
94910
91030
10511
46310
47210
10130
10720
93210
20420
28410
28410
28410
28410
63990
13200
63990
28490
28930
28960
74209
25990
25730
28930
17120
13990
13990
28490
32990
25990
96010
25500
96010
17120
32990
25990
24540
28960
26511
26513
23610
28140
22290
13990
26511
16100
71200
23610
10720
86101
85200
27200
27200
46439
46690
24440
85200
24100
85200
41201
27120
25400
20301
84220
13200
18130
26110
46520
22230
18121
13960
17230
58190
17211
18140
18140
26110
26110
26200
26200
26200
26200
22190
17230
18130
26200
20302
13200
18129
17230
46690
18129
18129
18129
18129
32990
18129
46120
20302
46750
28990
46690
28940
28230
18129
18129
18129
18110
18129
59200
18121
18129
18129
18129
18129
18129
18129
17120
18130
18130
32500
23190
32500
84230
86101
84230
26301
86220
80300
49320
86101
80300
55900
80100
85590
84230
88990
18130
26514
26512
28140
46690
71129
18130
25300
19201
19201
25300
18130
25300
25300
69109
26520
23990
10512
46380
46320
46380
38320
38320
38320
46690
35300
46690
70229
38210
24100
35300
35300
59113
28921
28921
85590
94120
22210
22190
24330
70229
28940
62011
62012
71129
26702
26702
26702
27400
93199
82190
01629
19201
06200
46711
20510
46120
30300
30300
29320
46499
32990
20510
68310
41100
65120
41100
68209
68320
94110
64305
23200
28110
20140
20140
20160
18140
18129
46460
14120
43341
15200
32500
32990
32990
32990
10910
10910
20590
94990
26511
46210
65110
65120
46170
87300
84240
46390
46180
21100
46460
25710
25730
86900
86900
86101
86220
32500
86900
72200
32500
93290
46690
26400
84120
84120
84120
84120
84120
84120
84120
84120
71200
96040
26400
84110
84110
86900
56302
56302
56302
73200
84240
93290
82990
70210
70210
85310
49319
90010
85590
82990
66190
42990
74909
58190
18140
59200
58290
58290
58190
58110
10611
10612
10612
10110
28150
28220
16290
28220
46690
28150
14390
17110
28950
17110
31010
02100
26513
46310
28923
28990
08990
23910
28131
28120
15120
28131
49500
09100
46690
28131
46630
46690
28131
93290
28410
26200
17120
28230
25730
25730
28410
22190
16290
30120
32409
93290
61200
28290
15120
30920
32409
20301
32409
46499
20160
13990
14141
14142
43999
23610
20140
08910
26513
20510
74909
71200
74902
23320
23320
26110
08990
21100
46180
46460
84220
84220
69101
10390
46390
23520
13923
13923
13200
01240
20140
01490
01490
01610
10110
01490
10110
93110
93191
93199
92000
93199
92000
49319
32300
31010
25110
93120
46520
26511
61900
28131
23200
25210
26513
26511
27510
29320
25210
29320
25210
77291
25110
26309
60100
26400
15120
26309
52219
47910
77390
26309
26511
46520
60100
26400
61200
26511
46520
47430
60100
60100
46439
46439
20130
21200
20130
20130
46750
71200
86900
71200
86101
46439
26309
86101
86220
16290
16230
46770
13300
18130
13300
46770
08110
52211
30200
49100
30200
25120
16230
77390
24100
52290
30200
30200
30200
30200
30200
42120
56101
49100
77390
30200
46690
30200
77390
52219
30200
27900
30200
23610
16100
49100
55900
52219
30200
30200
25990
42120
42120
30200
52290
30200
20510
37000
14131
14132
14132
14131
14132
28940
25730
16290
01160
13200
23200
86101
26701
26513
26513
26701
28921
01110
10410
10410
10410
20110
13990
25730
01250
81291
01610
10730
10110
13300
46120
01490
13300
46210
20600
27510
25710
25710
25710
25710
28940
25300
27110
25300
32500
91011
62011
58290
23630
23640
68310
68100
68310
64306
68320
68100
74209
41100
82990
25730
13940
28922
28922
16100
26110
26400
26400
77400
77400
77400
77400
77400
46520
26309
28132
46690
46690
38320
38320
38320
26110
91011
26400
26400
26400
47430
46431
26400
46431
32200
59200
60200
77220
47630
13100
30400
93290
77210
14131
14132
94990
84120
55300
77120
14131
14132
24200
11010
26110
27900
28290
27900
17110
88990
01250
09100
32409
32409
32409
26702
96040
28140
28990
28940
16290
02300
32200
16290
13100
28940
22220
16290
69109
20140
46711
46120
46750
19201
30120
30110
32500
25300
26511
26513
23200
23200
23200
23200
23200
08120
23200
23200
23200
23200
23200
23200
23200
56290
56290
56102
20110
49410
29100
28250
30200
52102
52103
52101
46690
28250
28250
28250
28250
28250
27510
27520
46439
88990
88990
88990
88990
88990
38110
28290
38210
38210
38210
29100
93290
84240
18129
75000
84230
29320
51102
86101
86101
84230
28210
43999
23610
22190
65202
26309
26309
26110
18140
28140
94910
47789
85590
94910
94910
84120
58110
10840
84230
45200
39000
24420
24100
24100
41202
49420
49420
17110
10110
10519
95290
68320
81299
50300
50200
50200
68201
68209
43999
93290
43999
43991
95290
09100
33110
42220
33120
33160
33160
33120
33120
33160
33160
33130
33160
33170
45200
95110
33130
33110
33110
33110
33110
33110
95110
33150
95120
33120
95120
33190
33130
95120
45200
95120
33120
95120
95120
95120
33120
95110
95110
95110
95110
33120
33120
33110
95110
95110
43220
43220
95220
95220
95220
33120
33140
33140
33140
35130
33130
33130
33130
43290
33120
33120
95120
33110
33120
33120
33120
33120
35220
35220
33120
33120
33190
95110
33130
33160
33120
33120
33130
33120
95110
33170
33130
95110
95110
33120
33120
33120
33120
33120
33120
33120
33120
33120
33120
33120
95110
95110
33130
33120
33130
33130
33140
33130
33120
33120
33130
95110
33190
45400
33140
43220
33120
33120
33140
33110
33120
43220
33120
95110
33130
33120
33120
33190
33130
33120
33110
33120
33120
33190
33150
95110
33140
95110
33140
33130
95120
33120
33130
95120
95120
33170
33120
33170
33170
33140
33120
33140
52219
95110
33110
95110
33160
33120
33110
33110
33110
33120
33130
33140
33110
33120
95120
95120
95120
45200
33170
33170
95120
42220
33120
33120
95110
33110
33120
33140
33190
33150
33190
95290
95240
95240
95240
95240
95240
90030
33140
33150
33150
45200
24200
22190
43290
95290
33130
95290
95230
33120
33190
45200
45200
45200
33170
95210
95250
95250
95250
95220
95110
95210
95120
33110
95290
95210
95220
95290
95210
33130
33130
33130
33190
95230
45200
95220
95220
33120
95230
33130
95290
95210
95250
33130
95220
33110
95230
33110
33130
33130
95120
45200
45200
45200
45200
45200
45200
13940
95290
33120
33130
33190
33190
33190
33130
95210
95220
33190
95220
33190
33190
42210
95230
95220
95290
33110
95220
33190
33130
95210
95290
33110
95290
33120
22110
45200
95290
33120
95210
95220
95250
95250
33190
45200
33140
90010
52101
82990
18130
58190
82190
18130
18130
18130
18130
15110
01700
01490
72190
72110
72110
72110
72110
72110
72110
72110
72190
72190
72190
72190
30110
28120
28120
81222
42210
23650
25290
22230
46690
46740
87200
87200
87200
87200
87200
87200
87200
87200
87200
87200
87200
87200
87200
87200
87200
87200
87200
87200
87200
87200
87200
87300
87300
87300
87300
87300
87300
87200
87200
87200
87200
87200
87200
87200
87200
68209
68209
87900
87900
87100
87100
81100
22290
02300
20530
20160
20160
26511
26110
27900
20520
32500
87100
87300
87300
56101
56102
74203
33190
84230
32500
47799
47791
65300
65300
46120
43999
23200
23200
23200
18129
58142
46690
26511
26513
25400
46690
25120
90010
33140
27110
24410
32990
13960
10612
10612
10612
01120
28930
10612
10612
10890
10612
10620
01610
01610
93290
13922
32990
15120
85510
93199
93110
25930
28940
26800
22210
22290
25930
28940
22190
23990
32130
28922
28921
36000
42910
25940
22290
42110
19201
49410
49410
08120
28921
28923
46630
22290
42110
29100
29202
29100
77120
29320
52219
71200
52219
08120
46120
46750
27510
10890
14120
28220
28990
32300
28921
28240
25730
28921
43120
08930
28921
30300
25400
30300
23410
23990
81291
01610
20200
93290
24420
24440
24440
23190
22190
24100
24100
25930
10200
28960
23110
24420
24440
28940
28150
13922
16290
22190
22190
28302
32990
18129
32300
93110
15120
13923
32910
24420
28910
16290
30200
32200
25500
28910
25990
13921
94910
43910
43910
43290
22230
16230
28921
25110
23610
25940
43910
23320
23610
23320
31090
25120
55900
28302
01130
28922
01130
01130
46410
13940
23990
13940
22190
25930
28990
13940
13940
13940
13940
13940
13940
13940
13940
20140
94990
46690
28131
46690
28921
28132
30300
28220
08110
94990
28990
24100
02200
02200
26301
28940
30120
93120
94120
85320
94120
94120
84220
84220
94990
52219
79110
91040
94120
94120
94120
94120
50200
94120
94990
94120
94120
84220
88990
32110
84220
84220
72190
93290
94990
91020
94120
94120
94990
94990
94120
94120
94120
22190
46760
20590
20520
20301
13940
25610
22190
32500
46690
20590
22190
22190
13960
13960
01290
22110
22110
22110
28960
22190
22190
22190
13300
20170
08990
38110
47510
96010
13931
13931
93199
93199
13939
47530
46470
13939
13939
14200
14200
28290
22290
28990
11010
29320
16290
10720
96040
31090
10611
10611
10611
01110
10611
10611
20140
22220
13922
46410
13922
17211
46160
13922
13922
13922
17120
22220
17211
22220
25990
15120
15120
47722
15120
46499
30910
30920
25990
52103
30300
29320
15200
28301
20510
46120
23120
32990
32990
25930
25710
28140
01110
23200
10612
32300
30120
46499
13200
30120
14131
14132
85530
30300
13922
46499
46180
01190
11030
10840
10840
10130
47810
35230
96030
47890
47890
47820
47890
47820
47890
47890
47890
47820
78109
46180
21100
21100
03220
03210
03110
08930
08930
08930
08930
08930
08930
09900
08930
08930
10840
10720
46120
52220
30110
94910
96090
87900
23410
18140
15120
18140
86101
86101
46730
46730
43999
28290
25610
24540
08120
08120
28990
08120
08120
15200
43390
28490
81299
28240
23910
08110
56103
10720
24330
10840
10890
10890
10890
10890
10890
10890
13300
20412
43220
47520
23420
46740
46740
46740
46740
46730
28140
17220
17220
28140
46730
25990
23420
23420
22230
23420
13940
15120
13200
61300
51220
46520
26309
61900
61900
30300
13200
17120
10840
25990
25990
96040
47520
16230
10720
10130
10130
46320
10110
10130
10130
64191
28490
46770
28410
28490
28490
02200
16100
16100
25730
28240
25730
46740
46740
25110
77320
43991
24200
43991
46499
28290
28290
28290
28290
46120
28990
26200
14190
14190
90030
46690
90020
77210
51102
90030
32990
46750
49390
13990
85600
85600
49390
56290
56290
84240
86900
55900
85310
86900
86900
86210
85320
85410
85530
85320
74201
17230
22290
91020
72190
26513
77390
32990
94120
32500
26600
28220
25710
10720
32409
86900
94920
41202
25990
28940
25990
20412
20412
20412
94990
46770
46770
46770
46770
46770
38320
28922
25730
46630
15110
43999
26702
18129
18129
18129
18129
20302
28290
28290
31010
16290
25920
28132
25940
28131
25730
46740
28410
25940
22290
25940
13200
69109
28250
32910
46499
90030
13100
25730
50100
52290
30110
01700
08930
94990
03110
36000
47230
28930
01700
23990
23990
20301
28290
09100
46499
32990
32990
22190
24520
24520
27400
10840
03110
31090
31010
31090
30300
31010
29320
30110
31010
32990
03110
10200
25730
27200
24440
85310
85310
85310
47799
47799
47799
47799
85320
28250
24330
30110
24420
24440
24440
24100
66120
64991
66120
66110
64999
80100
26301
66120
74909
80100
80100
82920
17120
18129
25110
80100
80200
80100
28290
10410
28302
01640
01640
01640
01640
28302
20200
01640
01640
01640
01640
01640
01640
01640
01640
01640
01640
01640
01640
01640
01640
01640
01640
46210
01640
01640
01640
01640
01190
22290
28302
47760
46210
23910
71122
26511
26513
22290
17230
30200
30200
10611
56101
56102
17110
17110
17110
17110
17110
19100
26110
26110
46520
26110
22190
24100
24440
24450
24450
24450
85320
08990
29202
45190
45190
45190
45190
13100
10611
20590
20590
20590
26514
09100
28930
37000
21200
56290
21200
26200
52230
52230
68209
28302
95220
95220
95220
95220
95220
45200
95220
95220
95220
95220
95220
17220
25990
10410
10410
01110
08110
31090
28290
37000
71122
28290
37000
42210
37000
28940
28940
28990
47540
46640
25930
47510
13100
16290
46410
22190
26511
26513
25990
23190
28150
28150
43999
43999
19201
01130
20420
46180
11070
24100
28410
66120
64991
61100
23910
25730
27510
46439
32910
20420
20420
20420
46180
20420
14190
10410
10410
15110
28410
28940
25730
25730
22190
25710
25110
16230
46230
01629
32500
10110
20200
01450
01450
13940
01450
01629
25730
15110
46730
13923
28410
18129
25620
47591
18129
24100
23990
22230
13200
13200
23990
24420
24440
22210
23610
24440
16290
23650
23140
22210
23620
22210
22210
22210
22210
22190
47510
24330
25300
25400
28930
20301
47230
46380
10200
10200
87900
31010
84230
69109
08120
16230
81291
81291
77342
77341
85530
64922
25990
25990
77341
71200
30110
22230
52290
85530
46140
46690
46690
20301
71200
46900
13940
27320
94990
96010
14190
14190
13200
13200
14120
14141
14142
29320
30200
46760
32910
20412
13990
22290
16290
20412
96090
13960
15200
47721
46420
15200
16290
93120
93290
28990
43320
31010
25120
16230
68209
15120
15120
30990
52220
82190
28230
49200
14131
25610
43390
28922
25730
31010
18129
22230
25990
73110
38320
10200
03220
03210
03110
46380
28940
13300
32500
13922
25110
16230
25120
22230
16230
28940
28940
25730
28220
31090
30910
28930
28930
26701
49390
43210
25990
30200
27900
20510
30200
30200
27900
46120
23190
30200
30200
22290
16290
73110
28302
29320
08990
46750
08990
24100
46120
46750
20160
46120
46760
13300
13100
13300
13300
18129
18129
13100
13100
13200
13100
13100
13100
01490
01490
13200
13100
46410
25290
16230
20160
24410
32120
07290
07290
27200
24410
32120
47789
02100
27900
27900
27900
28940
90010
10910
24340
20600
28921
23420
23650
25990
22230
25500
29310
01160
43120
85310
28990
28990
28940
32300
29202
18130
49390
32300
85510
28220
14190
20412
32300
25930
30120
32300
20420
10110
10110
10110
10110
46240
38110
28921
15120
22230
16100
14132
32300
77210
93110
25120
24440
24440
16290
23140
14132
23510
23990
23520
46730
08110
23700
09900
23700
46730
23700
46730
32990
16290
10110
28930
10110
10120
30990
24100
46730
16100
13923
46180
24200
28930
74203
32990
25990
22290
74203
26702
26513
15200
15200
14142
28950
28940
25730
28940
13100
13910
01240
77390
28410
28110
13300
13100
30110
24420
25110
49500
25400
25990
13300
13300
13990
86101
26200
26120
28210
26511
10130
10200
32990
47260
32990
46499
46439
27510
56103
10720
10720
01490
32990
93120
81299
28923
29100
28923
46499
46690
12000
20411
46450
46180
20411
20411
28990
20411
20411
94990
56301
94920
86220
86101
72200
72200
88990
88990
88990
88990
87900
87900
88990
88990
88990
88990
94120
94120
94910
72200
25730
27330
14310
14310
14310
14310
23990
15200
46750
11070
20130
46120
46750
27400
31090
31090
31090
11070
10519
47250
46341
46341
46341
28930
13921
13921
13921
47599
46180
32409
46510
47410
58290
62020
69109
62090
62012
62090
18203
62012
20200
26110
28210
28210
96040
24450
27900
27900
28290
15110
24100
26110
69102
19201
46719
19201
24420
19201
27900
26110
27900
27900
10832
10620
10831
20120
28290
28290
26511
90030
10520
01110
38320
38320
28923
23990
77210
26400
23990
26120
29310
26400
59200
18201
59200
61100
10890
01240
47789
10410
10612
10612
10410
10410
10612
01110
27520
27520
27510
46439
30300
51220
51220
51220
51220
30300
25730
10730
10730
25730
28410
46690
28110
29310
11020
96040
15200
26400
90010
86101
86101
29203
46690
17120
30200
85200
85310
46499
28220
81222
39000
86220
86220
86220
86220
15120
32500
23190
32500
32500
32500
47782
26511
26513
26511
26513
26511
26513
26511
26511
86900
86900
28150
46690
85590
26511
26513
93199
46720
38120
20130
86900
10410
28150
24100
10840
10840
46370
46170
01280
24100
16290
27510
01130
28940
28940
13100
13100
28410
28940
28940
13100
13100
13100
13100
16290
18140
11010
26513
20140
46342
94910
96090
32500
02200
16100
28490
28490
02200
25730
32990
13990
03110
46210
24100
32990
22190
28940
28940
17290
16290
25710
22290
16290
14190
85510
42990
32300
46160
25400
46180
25400
25400
32300
85510
42990
93110
15120
15120
46420
93120
32300
77210
93110
15200
32300
32300
47640
46499
15120
65120
93199
32300
47640
93199
93199
14131
14132
27400
28940
28290
29100
28302
28290
31090
28290
25930
29320
25930
31030
25930
25930
25930
28290
28150
09100
93120
11070
32300
32910
28490
86900
93290
86900
28990
20590
20590
26110
28220
42990
93110
56290
27400
90010
90020
93110
20301
23120
24100
25720
16230
16230
02200
47789
18129
17290
25500
28410
47789
32990
50200
20600
28230
28230
25930
25990
20600
28490
28490
28230
10620
46380
20520
46750
29310
68100
46690
25110
29100
28490
28490
46499
46180
47620
46499
17230
84110
23690
25990
46150
23410
22290
16290
28490
28490
16240
56101
25300
28110
46690
96040
25300
43999
28290
43390
25300
28110
25300
25300
46690
35300
28120
30200
28110
28110
28110
28940
13300
20140
20590
08990
46720
43999
43999
24520
24100
24100
23200
24100
24100
24100
46720
25990
28210
43999
43999
25110
25110
25110
25110
25110
25110
25110
25110
25110
25110
25110
25110
25110
25110
25110
25110
43999
29320
30920
29320
29320
28990
29320
23130
17120
17230
28230
17120
17120
28230
28940
16290
25990
16290
26400
18130
28930
81222
10110
10511
46460
32500
32500
28990
46180
46460
24450
52241
25990
32500
13960
25990
16240
28220
23200
84230
46640
28990
18140
18129
82990
66110
64991
59120
49410
63910
66110
28950
14310
14310
14310
14200
23610
43999
08120
08120
01240
23700
43999
43999
23700
43999
46730
23910
23410
43390
26520
28140
16290
16290
23130
25920
31090
52102
52103
52101
27510
52102
52103
52101
25290
22230
52102
52103
52101
80100
13300
11050
27520
27520
27520
81223
25610
27520
28921
28220
46690
10390
10390
13960
25930
46690
19209
15120
70229
46210
46420
16290
14190
14190
01250
17120
17120
49319
81299
42110
25990
27400
90010
80100
74209
29100
29100
71200
13921
13922
25990
13940
13940
23990
32200
32200
16220
28210
24420
24440
24440
22210
22190
26513
46690
25990
25990
25990
15120
24100
43999
43999
25110
23610
25110
25110
43310
01430
25930
01629
94990
94910
55900
55900
94990
31090
85421
32409
10840
32990
26400
20140
20160
53100
30110
27320
28131
26301
27110
71122
43999
49311
49319
42120
22190
10110
46360
46360
46360
01130
28302
01130
01140
10822
47240
28930
46180
28930
10810
10810
10810
10810
10810
10810
10810
25720
15120
16240
13200
13200
14131
14132
17110
19100
35210
46750
17110
17120
46180
21100
46460
20130
46750
20120
20130
13922
32990
46499
20420
10410
10410
01110
01110
10410
23190
32500
13100
32990
32990
65300
25300
47110
47110
20150
23510
47110
47110
56102
78200
42120
90020
84220
84230
20590
20411
05102
28410
26511
26513
42110
42110
32300
28990
27900
86220
86101
86210
46460
47749
32500
32500
32500
32500
32500
32500
32500
32500
32500
32500
32500
32500
32500
32500
32500
32500
32500
14120
80100
73200
73200
71122
26511
26513
26513
26701
46690
71122
68310
85590
14142
14142
28220
29320
29320
28410
64999
01130
10720
01130
01130
10519
47240
10822
46499
93110
93120
85510
81299
93110
41201
14190
01460
01460
28990
32300
13990
27330
27330
93210
26301
46690
26110
27120
52219
52219
26301
25710
46690
71200
71200
94910
20140
46120
10910
20140
20411
20120
20140
20600
17110
20140
20120
20140
46120
46760
46750
20120
32120
46750
20520
20160
20160
46120
20170
46760
20170
46120
23130
32500
46460
10810
62012
62020
62012
62020
10390
13923
47510
13923
32409
13923
32300
32300
11070
47510
17220
32401
31090
31010
26400
25730
46150
25990
23410
23130
23130
22290
32120
77299
17290
28230
63110
26511
26513
25930
13200
13200
19201
28220
14131
14132
14132
32990
32990
22290
14190
25710
46770
56103
56103
08990
20420
46760
26513
46630
17220
17220
30920
01230
30110
29202
30200
30400
30400
25290
23190
25290
25290
22230
46690
20120
28990
15110
15110
15110
46750
24450
07290
28140
13300
28230
28290
28230
26400
18201
26200
26400
47430
26200
59200
28150
32990
91011
46431
23990
13960
13200
47510
13200
10620
10620
28140
22230
28140
20140
28923
28923
42110
08120
42110
28923
28923
13922
47510
46410
46160
01130
10710
13960
91020
96090
56302
56302
56302
69203
84110
84110
18129
29100
49320
32990
26511
26513
46690
10831
46370
47290
10831
56103
10831
16240
46170
10831
56102
01270
47290
46370
10831
28930
56102
25990
13923
52102
52103
52101
85590
85510
94120
32990
78200
25990
23410
32120
02300
28940
22190
71200
90030
85320
85320
85320
84210
71200
23440
85320
71200
94120
10410
71200
71200
32409
19201
91020
46520
61100
71122
46520
47429
46520
61900
61300
27320
61100
28220
61100
26301
61100
16100
26511
26511
26301
46520
61900
26301
26301
63990
58120
25110
81222
61100
47910
61100
26301
26301
26301
77390
61100
61100
81222
26301
26701
26701
61100
77291
60200
26400
26309
26702
26110
46439
46520
60200
47910
59133
77390
47430
26400
26110
59120
59133
59113
60200
26309
60200
26110
60200
47430
59113
26309
26301
26301
61100
88990
56102
26513
28140
94910
87900
87900
78200
87900
87900
30200
22190
32300
93120
93110
42990
32300
25730
25990
16290
13922
46499
46180
26301
52230
52213
52220
26110
28230
24100
23410
43330
84220
13910
13200
85320
23310
23310
26511
26513
43130
09100
43130
23190
30200
71200
26511
26513
26511
71200
71200
71200
71200
20140
13300
13300
13300
20590
46410
28940
13300
13300
13300
28940
28940
46640
46760
13300
46640
13300
28940
13940
74100
52290
13923
01160
28940
46110
20411
20411
46640
28940
17220
17240
17240
46770
46640
13960
46640
13960
28940
46160
47510
46410
20590
46410
46410
77299
20600
28940
43910
93191
58110
90040
79909
74909
14190
77299
77210
90010
77299
90010
93210
26511
26513
85421
94910
46690
23140
26110
28990
18129
26600
26511
26513
20160
20160
26511
26513
20301
20160
07210
46410
26701
13100
28940
13100
13100
13100
13100
28410
28410
46740
25940
25730
28410
25730
46610
01610
28302
26110
27900
92000
79909
79909
79110
17290
28230
77330
18129
28230
79909
79909
13200
32130
13200
47710
46420
14190
14310
28990
22230
46730
23320
47520
43330
22230
23310
23610
16290
13939
23650
23190
23310
13939
23620
23700
13931
22230
23990
43330
22190
18140
46130
46130
02400
02200
02100
46730
71200
46730
46730
26520
26520
26520
63110
26520
26520
93199
26520
79909
68209
18129
58190
22190
24430
24430
07290
27510
07290
18129
24430
25730
10890
10130
10130
10890
24100
46720
25920
23110
25730
28220
29320
16290
23140
17120
24450
20120
46750
18129
25990
27510
96090
46170
47260
46210
46170
46210
12000
01150
46210
01630
46350
46690
28930
12000
46350
46350
46110
12000
12000
12000
47260
46350
46350
22290
10822
23410
22290
32120
32910
15120
47750
13923
17220
17120
20420
46450
20420
20420
20420
46730
52219
20140
01130
26600
26400
20120
28230
20590
16100
11070
11020
28302
16290
28490
15120
47520
25730
46740
25730
77320
77390
16290
27510
32910
46499
20420
20420
32990
43120
13100
46760
27400
25400
25930
92000
23120
79120
29203
94990
70229
79909
84130
79909
79909
79901
85320
13100
13940
13923
96010
27510
96010
13200
47510
17220
25110
16230
52219
52219
13940
52220
52220
52220
52220
71112
96090
35220
35210
49319
49311
49319
49311
38220
32409
32409
32409
32409
32409
32409
32409
32409
32409
32409
32409
46499
32409
32409
47650
46499
32409
46499
46499
32409
32409
32401
32409
32409
32409
32409
13300
13960
13960
17120
28923
28921
29320
14190
27200
27110
32500
28301
28301
28301
28301
28301
28301
77310
28302
28301
28302
28922
28922
46610
46610
29100
46690
46610
94110
18140
82301
18129
58142
69109
94200
82301
94200
25730
82990
18129
30200
71129
29310
84240
84240
29202
45190
45190
45190
45190
29202
28302
77120
81299
81291
32990
93199
59111
96090
93199
59112
49319
42120
74300
82190
28960
18129
27110
26110
27110
19201
19209
46690
32500
32500
26110
74300
27110
26309
22190
22290
28150
26301
46520
42120
60100
13960
27330
28150
22190
26309
26309
86900
28302
26309
50200
52290
46690
81299
65120
50200
50400
50400
50400
50400
49500
50100
50100
50300
50300
50300
50300
50300
50300
49410
49500
52290
52290
52290
84130
49500
28220
38110
27510
46499
47722
79110
46499
46499
47722
15120
65120
26520
28220
29100
13923
13923
90010
16240
26110
28990
30110
25990
17220
22290
16290
10810
25730
25610
38220
38220
38210
38220
38220
38220
38220
37000
38210
37000
36000
38220
01290
01300
02100
81300
02200
25990
16230
43120
28922
84230
96020
30920
30920
32409
18140
14200
15110
20510
52220
47220
10110
49390
29100
49319
30400
14190
93120
23650
14132
14120
14131
14132
25730
29100
49410
77120
77120
01160
28490
01130
02300
25400
15120
15120
16230
84110
66190
69109
14141
26110
24440
22220
28120
24420
24440
23190
17290
24200
24200
28910
24440
86101
01130
28990
24510
25920
24440
13922
17290
24510
24200
23610
24440
23650
23190
25920
22210
23200
22190
24200
24200
25990
25990
25990
23190
22210
22190
24200
22220
16240
25920
23130
25920
30110
25940
13931
13990
13923
13923
46640
28940
30110
52220
52220
52220
52220
52220
52220
46690
85320
46210
13990
13990
13990
13990
27510
23130
26400
26400
10410
24450
03110
32200
95290
23200
28921
52219
16240
09100
27110
77390
28110
28110
27110
46690
30300
30300
92000
92000
01300
01470
01470
96040
10822
16290
28410
28490
01130
26400
03110
13200
13200
14390
13940
46410
13100
13960
25730
28940
24430
28990
18130
46690
28230
15120
77330
32990
46499
47410
46660
82190
28990
13100
13960
13960
45320
13960
22110
22110
22190
22110
22110
22110
22110
22110
22110
22110
22110
22110
22110
22110
22110
27900
26600
26511
26513
46460
27400
32990
13960
47789
46420
17110
17110
17110
17110
10890
11010
14190
49311
81299
14142
96030
74202
22190
14141
14142
17220
65110
65120
64999
66220
98100
98200
20590
23320
14190
32990
14120
14120
25930
27900
13200
94920
28410
31090
31090
64302
94910
99000
94990
94910
94910
27110
29320
85421
85421
56290
85421
56290
55900
85421
53202
13940
46180
24420
24440
24440
24440
24440
24440
24440
24440
24440
24440
24440
24440
31030
31090
31090
95240
13960
46770
13100
15110
31090
15110
20130
07210
09900
24460
07210
24460
49311
49319
42220
42210
71112
20140
20150
46120
46750
20140
23420
32500
21200
86220
86101
26110
21200
27510
28990
32990
23130
28990
32990
28131
46690
16100
32990
13923
96090
96010
74909
68310
28140
28120
28140
26110
22290
28120
28140
28110
28120
28140
29100
77120
77110
24450
07290
28131
01280
19201
25300
74909
90010
20301
20301
47520
46730
18130
32500
19201
23410
23690
23130
22290
20120
16240
10390
10850
13100
28930
17110
01130
02300
28302
10320
02100
10612
10410
10410
46120
46750
10390
01290
10390
28930
10390
46170
01130
20120
20590
20590
47210
46310
46310
47290
64921
27400
82990
26513
30990
13990
13200
15110
26511
26513
13200
13300
13300
13200
13300
13300
28290
47990
46690
16210
16100
28490
28490
16210
28490
28250
27510
28250
81222
46740
28250
28250
90010
64303
10730
81291
01610
11040
25300
10831
52220
52220
46499
10200
10200
14120
14141
14142
75000
75000
21100
46460
32500
21100
75000
21200
21200
75000
42130
23130
64999
25730
91020
26309
18202
47430
26400
47410
46499
32409
46499
26120
59120
59112
59112
26400
77291
47430
26400
26309
59112
59132
59140
18202
77220
47630
59132
74209
46431
47110
47110
28930
10840
01210
20140
20160
20160
22230
20301
17240
17240
32200
32200
15120
16290
92000
26200
26511
26513
28230
79909
55201
26200
20301
20301
46130
23910
16100
85410
88100
88100
11010
13200
61900
26511
27120
29310
26511
26513
23190
28230
46120
22210
28960
17220
10720
27510
10710
30200
13922
16100
14390
14131
28922
32990
46420
16290
46730
43330
22230
23610
23310
23310
31090
91020
47722
17230
15120
47530
46730
17240
17120
43330
01250
01700
25400
94990
31090
31090
52102
52103
52101
27520
13100
13910
13300
13910
13100
10620
28940
28940
30110
25990
22230
23420
46730
15120
25940
22190
96010
96010
96010
28940
28940
27510
20411
46440
46770
46180
46770
46770
38110
38110
13100
38210
27510
23130
23190
25300
38210
46770
46770
46770
13300
38210
46760
46120
26520
46499
15120
26520
23190
15120
15120
32130
32120
47770
46480
26520
80100
36000
11070
22290
25400
23420
36000
36000
36000
71122
77342
27520
27510
27520
10520
42210
71129
71200
26513
77341
42910
22290
28290
32300
22230
50100
50300
25110
52220
50400
20590
28290
42210
25300
42210
22190
50200
01130
22290
01130
17120
13922
43999
13300
46499
42910
52220
28110
28110
32300
26511
26513
27900
20420
20412
93290
74909
22230
25400
47789
14200
77299
74909
65120
14120
16100
22230
14131
14132
14190
14131
14132
14190
13200
13200
28940
28940
13200
13922
63110
62012
63120
13960
13960
56210
74209
26701
20200
13910
13300
28290
52219
28290
96090
46690
28290
24100
24200
27900
27900
28290
25930
28290
24340
88990
88990
88990
88990
23190
28921
09100
43999
28921
28921
15200
09100
94910
27200
10620
47230
46380
22190
46330
10410
10410
32990
30110
10110
03110
52220
10611
01110
10611
10611
10611
10620
26511
26513
30920
77390
28220
28220
28220
30920
33170
32409
46499
46610
29320
30910
30920
10519
95290
08110
15120
46499
11010
11010
11010
32200
28230
10822
01250
20130
20301
24450
08930
19201
10810
32910
08110
46390
46900
16290
31090
16290
46499
47599
13960
19201
24100
32990
91040
02100
69109
13931
13200
28220
46690
46630
35110
32200
28110
28220
28921
28940
27320
28220
22230
81221
13940
73110
25720
23650
25120
22230
16230
13910
23110
23120
18129
29320
45200
29310
29320
23120
93290
11020
11020
47250
46342
47250
11020
46342
28930
20590
11020
11020
16290
46690
28930
30300
03110
28302
28930
93110
93120
16240
32910
25930
28990
25930
46690
24420
24440
46740
24410
25930
25930
24440
24100
28990
25930
28490
46690
24420
23110
61200
46470
27330
27330
29310
08990
02200
24450
47710
47710
47710
46420
47710
47710
47710
47710
84220
84220
84220
88990
47710
47710
46130
46730
18130
25730
16290
46750
46120
16100
16210
25730
16100
16100
90030
16100
02200
16100
16100
46730
02200
02200
16100
16290
16100
16100
16230
16100
16100
46730
17110
17290
81291
16100
28490
16100
16100
20301
20140
16100
16210
16100
81291
46730
46730
16290
16230
28490
16290
16230
16220
16220
47599
46499
46760
32200
28490
10110
01450
46110
28940
13100
13100
13100
13100
13300
46110
13100
14190
46110
46760
13100
18129
13100
28940
13100
13100
13100
52102
52103
52101
13300
13200
47510
46410
46770
13100
13100
13100
13100
13100
13100
13100
13100
13100
13100
13100
13100
13100
13100
13100
13100
46410
13200
13100
13200
13100
28230
77330
31090
28490
28490
77320
96010
43999
32120
23990
85590
55900
70221
94990
56301
47781
85320
28220
46690
30200
46160
14120
14120
99000
01490
03210
13100
13100
13100
13100
13100
13100
13100
13200
13100
13200
13100
13200
13960
13200
13200
13300
31090
13960
13200
13960
17120
24420
28290
17290
52220
25730
25730
93120
26520
69109
94120
17230
46499
20590
32990
25620
17120
17230
28230
74202
26600
26600
26600
26600
26600
46520
20140
30120
47789
93120
46499
01130
46160
13100
22190
46410
13300
13300
13300
23990
23140
13100
13300
13100
13300
13300
46380
10890
10890
46170
07210
24460
94990
55900
85510
10519
46330
84230
94920
94990
94990
94990
55202
13200
32500
24430
46720
07290
20120
46750
20301
24430
94990
25990
22290
24450
91040
